    0.000002078591      0.200282306185E-04    0.0000
    0.000004183327      0.402976619029E-04    0.0000
    0.000006314538      0.608178140143E-04    0.0000
    0.000008472556      0.815932133558E-04    0.0000
    0.000010657719      0.102553012422E-03    0.0000
    0.000012870367      0.123748340975E-03    0.0000
    0.000015110847      0.145189011081E-03    0.0000
    0.000017379509      0.166870785059E-03    0.0000
    0.000019676708      0.188803444952E-03    0.0000
    0.000022002801      0.210992505462E-03    0.0000
    0.000024358153      0.233443089736E-03    0.0000
    0.000026743132      0.256159877520E-03    0.0000
    0.000029158110      0.279147364130E-03    0.0000
    0.000031603465      0.302409849353E-03    0.0000
    0.000034079579      0.325951534661E-03    0.0000
    0.000036586838      0.349776545354E-03    0.0000
    0.000039125635      0.373888960873E-03    0.0000
    0.000041696365      0.398292833091E-03    0.0000
    0.000044299432      0.422992200749E-03    0.0000
    0.000046935241      0.447991100476E-03    0.0000
    0.000049604205      0.473293575332E-03    0.0000
    0.000052306740      0.498903681666E-03    0.0000
    0.000055043269      0.524825494647E-03    0.0000
    0.000057814219      0.551063112826E-03    0.0000
    0.000060620023      0.577620661945E-03    0.0000
    0.000063461120      0.604502298177E-03    0.0000
    0.000066337954      0.631712210894E-03    0.0000
    0.000069250973      0.659254625097E-03    0.0000
    0.000072200634      0.687133803543E-03    0.0000
    0.000075187397      0.715354048651E-03    0.0000
    0.000078211729      0.743919704220E-03    0.0000
    0.000081274103      0.772835156993E-03    0.0000
    0.000084374996      0.802104838099E-03    0.0000
    0.000087514894      0.831733224392E-03    0.0000
    0.000090694286      0.861724839708E-03    0.0000
    0.000093913671      0.892084256043E-03    0.0000
    0.000097173551      0.922816094685E-03    0.0000
    0.000100474434      0.953925027285E-03    0.0000
    0.000103816838      0.985415776895E-03    0.0000
    0.000107201284      0.101729311897E-02    0.0000
    0.000110628301      0.104956188232E-02    0.0000
    0.000114098425      0.108222695010E-02    0.0000
    0.000117612197      0.111529326070E-02    0.0000
    0.000121170168      0.114876580865E-02    0.0000
    0.000124772892      0.118264964553E-02    0.0000
    0.000128420932      0.121694988088E-02    0.0000
    0.000132114860      0.125167168300E-02    0.0000
    0.000135855251      0.128682027988E-02    0.0000
    0.000139642691      0.132240096004E-02    0.0000
    0.000143477770      0.135841907336E-02    0.0000
    0.000147361090      0.139488003195E-02    0.0000
    0.000151293255      0.143178931100E-02    0.0000
    0.000155274881      0.146915244961E-02    0.0000
    0.000159306589      0.150697505165E-02    0.0000
    0.000163389010      0.154526278658E-02    0.0000
    0.000167522782      0.158402139033E-02    0.0000
    0.000171708550      0.162325666609E-02    0.0000
    0.000175946969      0.166297448524E-02    0.0000
    0.000180238700      0.170318078812E-02    0.0000
    0.000184584415      0.174388158493E-02    0.0000
    0.000188984792      0.178508295657E-02    0.0000
    0.000193440519      0.182679105552E-02    0.0000
    0.000197952292      0.186901210669E-02    0.0000
    0.000202520816      0.191175240830E-02    0.0000
    0.000207146805      0.195501833273E-02    0.0000
    0.000211830982      0.199881632744E-02    0.0000
    0.000216574079      0.204315291586E-02    0.0000
    0.000221376837      0.208803469823E-02    0.0000
    0.000226240005      0.213346835256E-02    0.0000
    0.000231164345      0.217946063550E-02    0.0000
    0.000236150626      0.222601838327E-02    0.0000
    0.000241199626      0.227314851257E-02    0.0000
    0.000246312135      0.232085802152E-02    0.0000
    0.000251488951      0.236915399058E-02    0.0000
    0.000256730883      0.241804358351E-02    0.0000
    0.000262038751      0.246753404828E-02    0.0000
    0.000267413384      0.251763271810E-02    0.0000
    0.000272855621      0.256834701230E-02    0.0000
    0.000278366313      0.261968443736E-02    0.0000
    0.000283946321      0.267165258789E-02    0.0000
    0.000289596517      0.272425914756E-02    0.0000
    0.000295317784      0.277751189019E-02    0.0000
    0.000301111016      0.283141868067E-02    0.0000
    0.000306977117      0.288598747602E-02    0.0000
    0.000312917005      0.294122632642E-02    0.0000
    0.000318931607      0.299714337619E-02    0.0000
    0.000325021864      0.305374686489E-02    0.0000
    0.000331188726      0.311104512833E-02    0.0000
    0.000337433159      0.316904659963E-02    0.0000
    0.000343756136      0.322775981029E-02    0.0000
    0.000350158647      0.328719339129E-02    0.0000
    0.000356641692      0.334735607412E-02    0.0000
    0.000363206283      0.340825669191E-02    0.0000
    0.000369853446      0.346990418053E-02    0.0000
    0.000376584221      0.353230757968E-02    0.0000
    0.000383399658      0.359547603402E-02    0.0000
    0.000390300823      0.365941879429E-02    0.0000
    0.000397288794      0.372414521846E-02    0.0000
    0.000404364663      0.378966477286E-02    0.0000
    0.000411529535      0.385598703335E-02    0.0000
    0.000418784530      0.392312168647E-02    0.0000
    0.000426130782      0.399107853060E-02    0.0000
    0.000433569439      0.405986747717E-02    0.0000
    0.000441101662      0.412949855184E-02    0.0000
    0.000448728628      0.419998189569E-02    0.0000
    0.000456451531      0.427132776642E-02    0.0000
    0.000464271575      0.434354653960E-02    0.0000
    0.000472189984      0.441664870985E-02    0.0000
    0.000480207993      0.449064489211E-02    0.0000
    0.000488326857      0.456554582289E-02    0.0000
    0.000496547844      0.464136236146E-02    0.0000
    0.000504872238      0.471810549119E-02    0.0000
    0.000513301340      0.479578632077E-02    0.0000
    0.000521836467      0.487441608549E-02    0.0000
    0.000530478952      0.495400614855E-02    0.0000
    0.000539230147      0.503456800233E-02    0.0000
    0.000548091418      0.511611326972E-02    0.0000
    0.000557064151      0.519865370540E-02    0.0000
    0.000566149746      0.528220119718E-02    0.0000
    0.000575349624      0.536676776732E-02    0.0000
    0.000584665222      0.545236557388E-02    0.0000
    0.000594097997      0.553900691205E-02    0.0000
    0.000603649420      0.562670421548E-02    0.0000
    0.000613320986      0.571547005772E-02    0.0000
    0.000623114205      0.580531715347E-02    0.0000
    0.000633030608      0.589625836006E-02    0.0000
    0.000643071744      0.598830667878E-02    0.0000
    0.000653239182      0.608147525627E-02    0.0000
    0.000663534510      0.617577738594E-02    0.0000
    0.000673959338      0.627122650934E-02    0.0000
    0.000684515294      0.636783621760E-02    0.0000
    0.000695204027      0.646562025284E-02    0.0000
    0.000706027208      0.656459250960E-02    0.0000
    0.000716986528      0.666476703623E-02    0.0000
    0.000728083699      0.676615803638E-02    0.0000
    0.000739320456      0.686877987042E-02    0.0000
    0.000750698553      0.697264705688E-02    0.0000
    0.000762219769      0.707777427388E-02    0.0000
    0.000773885905      0.718417636067E-02    0.0000
    0.000785698782      0.729186831898E-02    0.0000
    0.000797660247      0.740086531460E-02    0.0000
    0.000809772169      0.751118267876E-02    0.0000
    0.000822036440      0.762283590966E-02    0.0000
    0.000834454976      0.773584067392E-02    0.0000
    0.000847029719      0.785021280810E-02    0.0000
    0.000859762632      0.796596832015E-02    0.0000
    0.000872655705      0.808312339092E-02    0.0000
    0.000885710954      0.820169437563E-02    0.0000
    0.000898930417      0.832169780541E-02    0.0000
    0.000912316161      0.844315038873E-02    0.0000
    0.000925870276      0.856606901297E-02    0.0000
    0.000939594882      0.869047074587E-02    0.0000
    0.000953492121      0.881637283703E-02    0.0000
    0.000967564167      0.894379271944E-02    0.0000
    0.000981813217      0.907274801095E-02    0.0000
    0.000996241498      0.920325651581E-02    0.0000
    0.001010851264      0.933533622610E-02    0.0000
    0.001025644798      0.946900532329E-02    0.0000
    0.001040624413      0.960428217971E-02    0.0000
    0.001055792447      0.974118536005E-02    0.0000
    0.001071151273      0.987973362281E-02    0.0000
    0.001086703288      0.100199459219E-01    0.0000
    0.001102450923      0.101618414078E-01    0.0000
    0.001118396640      0.103054394297E-01    0.0000
    0.001134542929      0.104507595361E-01    0.0000
    0.001150892313      0.105978214769E-01    0.0000
    0.001167447347      0.107466452048E-01    0.0000
    0.001184210618      0.108972508765E-01    0.0000
    0.001201184745      0.110496588542E-01    0.0000
    0.001218372380      0.112038897072E-01    0.0000
    0.001235776209      0.113599642133E-01    0.0000
    0.001253398951      0.115179033598E-01    0.0000
    0.001271243360      0.116777283457E-01    0.0000
    0.001289312224      0.118394605823E-01    0.0000
    0.001307608366      0.120031216951E-01    0.0000
    0.001326134645      0.121687335248E-01    0.0000
    0.001344893957      0.123363181290E-01    0.0000
    0.001363889231      0.125058977831E-01    0.0000
    0.001383123437      0.126774949822E-01    0.0000
    0.001402599579      0.128511324418E-01    0.0000
    0.001422320700      0.130268330995E-01    0.0000
    0.001442289883      0.132046201161E-01    0.0000
    0.001462510248      0.133845168767E-01    0.0000
    0.001482984953      0.135665469924E-01    0.0000
    0.001503717198      0.137507343007E-01    0.0000
    0.001524710223      0.139371028677E-01    0.0000
    0.001545967308      0.141256769883E-01    0.0000
    0.001567491773      0.143164811878E-01    0.0000
    0.001589286984      0.145095402230E-01    0.0000
    0.001611356344      0.147048790831E-01    0.0000
    0.001633703303      0.149025229908E-01    0.0000
    0.001656331351      0.151024974034E-01    0.0000
    0.001679244026      0.153048280136E-01    0.0000
    0.001702444907      0.155095407506E-01    0.0000
    0.001725937618      0.157166617808E-01    0.0000
    0.001749725832      0.159262175089E-01    0.0000
    0.001773813264      0.161382345785E-01    0.0000
    0.001798203679      0.163527398732E-01    0.0000
    0.001822900888      0.165697605168E-01    0.0000
    0.001847908750      0.167893238747E-01    0.0000
    0.001873231171      0.170114575538E-01    0.0000
    0.001898872110      0.172361894038E-01    0.0000
    0.001924835572      0.174635475171E-01    0.0000
    0.001951125613      0.176935602300E-01    0.0000
    0.001977746343      0.179262561225E-01    0.0000
    0.002004701921      0.181616640191E-01    0.0000
    0.002031996558      0.183998129889E-01    0.0000
    0.002059634519      0.186407323461E-01    0.0000
    0.002087620123      0.188844516500E-01    0.0000
    0.002115957742      0.191310007053E-01    0.0000
    0.002144651805      0.193804095621E-01    0.0000
    0.002173706795      0.196327085158E-01    0.0000
    0.002203127251      0.198879281075E-01    0.0000
    0.002232917772      0.201460991233E-01    0.0000
    0.002263083011      0.204072525943E-01    0.0000
    0.002293627682      0.206714197965E-01    0.0000
    0.002324556557      0.209386322502E-01    0.0000
    0.002355874470      0.212089217197E-01    0.0000
    0.002387586314      0.214823202127E-01    0.0000
    0.002419697044      0.217588599796E-01    0.0000
    0.002452211677      0.220385735128E-01    0.0000
    0.002485135293      0.223214935460E-01    0.0000
    0.002518473038      0.226076530533E-01    0.0000
    0.002552230120      0.228970852479E-01    0.0000
    0.002586411814      0.231898235813E-01    0.0000
    0.002621023461      0.234859017419E-01    0.0000
    0.002656070468      0.237853536537E-01    0.0000
    0.002691558313      0.240882134748E-01    0.0000
    0.002727492539      0.243945155959E-01    0.0000
    0.002763878763      0.247042946384E-01    0.0000
    0.002800722669      0.250175854530E-01    0.0000
    0.002838030014      0.253344231172E-01    0.0000
    0.002875806628      0.256548429336E-01    0.0000
    0.002914058414      0.259788804276E-01    0.0000
    0.002952791347      0.263065713446E-01    0.0000
    0.002992011481      0.266379516484E-01    0.0000
    0.003031724943      0.269730575175E-01    0.0000
    0.003071937940      0.273119253430E-01    0.0000
    0.003112656753      0.276545917253E-01    0.0000
    0.003153887746      0.280010934709E-01    0.0000
    0.003195637361      0.283514675893E-01    0.0000
    0.003237912122      0.287057512894E-01    0.0000
    0.003280718633      0.290639819758E-01    0.0000
    0.003324063585      0.294261972449E-01    0.0000
    0.003367953748      0.297924348809E-01    0.0000
    0.003412395982      0.301627328517E-01    0.0000
    0.003457397231      0.305371293043E-01    0.0000
    0.003502964525      0.309156625602E-01    0.0000
    0.003549104986      0.312983711105E-01    0.0000
    0.003595825822      0.316852936107E-01    0.0000
    0.003643134334      0.320764688760E-01    0.0000
    0.003691037913      0.324719358750E-01    0.0000
    0.003739544046      0.328717337243E-01    0.0000
    0.003788660310      0.332759016828E-01    0.0000
    0.003838394381      0.336844791448E-01    0.0000
    0.003888754030      0.340975056341E-01    0.0000
    0.003939747125      0.345150207970E-01    0.0000
    0.003991381634      0.349370643950E-01    0.0000
    0.004043665626      0.353636762982E-01    0.0000
    0.004096607269      0.357948964770E-01    0.0000
    0.004150214836      0.362307649947E-01    0.0000
    0.004204496703      0.366713219991E-01    0.0000
    0.004259461352      0.371166077143E-01    0.0000
    0.004315117371      0.375666624315E-01    0.0000
    0.004371473457      0.380215265004E-01    0.0000
    0.004428538415      0.384812403193E-01    0.0000
    0.004486321161      0.389458443260E-01    0.0000
    0.004544830726      0.394153789869E-01    0.0000
    0.004604076250      0.398898847873E-01    0.0000
    0.004664066991      0.403694022200E-01    0.0000
    0.004724812322      0.408539717747E-01    0.0000
    0.004786321736      0.413436339259E-01    0.0000
    0.004848604843      0.418384291216E-01    0.0000
    0.004911671375      0.423383977702E-01    0.0000
    0.004975531186      0.428435802286E-01    0.0000
    0.005040194255      0.433540167885E-01    0.0000
    0.005105670685      0.438697476629E-01    0.0000
    0.005171970707      0.443908129725E-01    0.0000
    0.005239104681      0.449172527309E-01    0.0000
    0.005307083096      0.454491068297E-01    0.0000
    0.005375916575      0.459864150234E-01    0.0000
    0.005445615872      0.465292169135E-01    0.0000
    0.005516191878      0.470775519319E-01    0.0000
    0.005587655622      0.476314593247E-01    0.0000
    0.005660018268      0.481909781342E-01    0.0000
    0.005733291124      0.487561471819E-01    0.0000
    0.005807485640      0.493270050493E-01    0.0000
    0.005882613408      0.499035900596E-01    0.0000
    0.005958686166      0.504859402581E-01    0.0000
    0.006035715802      0.510740933922E-01    0.0000
    0.006113714352      0.516680868907E-01    0.0000
    0.006192694003      0.522679578430E-01    0.0000
    0.006272667095      0.528737429769E-01    0.0000
    0.006353646125      0.534854786368E-01    0.0000
    0.006435643746      0.541032007600E-01    0.0000
    0.006518672770      0.547269448538E-01    0.0000
    0.006602746170      0.553567459706E-01    0.0000
    0.006687877084      0.559926386835E-01    0.0000
    0.006774078813      0.566346570604E-01    0.0000
    0.006861364826      0.572828346377E-01    0.0000
    0.006949748762      0.579372043935E-01    0.0000
    0.007039244431      0.585977987197E-01    0.0000
    0.007129865816      0.592646493935E-01    0.0000
    0.007221627079      0.599377875486E-01    0.0000
    0.007314542556      0.606172436447E-01    0.0000
    0.007408626766      0.613030474375E-01    0.0000
    0.007503894410      0.619952279464E-01    0.0000
    0.007600360373      0.626938134227E-01    0.0000
    0.007698039729      0.633988313165E-01    0.0000
    0.007796947739      0.641103082426E-01    0.0000
    0.007897099860      0.648282699457E-01    0.0000
    0.007998511738      0.655527412649E-01    0.0000
    0.008101199222      0.662837460969E-01    0.0000
    0.008205178354      0.670213073591E-01    0.0000
    0.008310465384      0.677654469507E-01    0.0000
    0.008417076761      0.685161857139E-01    0.0000
    0.008525029144      0.692735433936E-01    0.0000
    0.008634339401      0.700375385962E-01    0.0000
    0.008745024611      0.708081887475E-01    0.0000
    0.008857102071      0.715855100499E-01    0.0000
    0.008970589291      0.723695174382E-01    0.0000
    0.009085504004      0.731602245343E-01    0.0000
    0.009201864167      0.739576436015E-01    0.0000
    0.009319687961      0.747617854970E-01    0.0000
    0.009438993795      0.755726596242E-01    0.0000
    0.009559800312      0.763902738828E-01    0.0000
    0.009682126388      0.772146346190E-01    0.0000
    0.009805991136      0.780457465735E-01    0.0000
    0.009931413912      0.788836128297E-01    0.0000
    0.010058414311      0.797282347592E-01    0.0000
    0.010187012179      0.805796119673E-01    0.0000
    0.010317227609      0.814377422372E-01    0.0000
    0.010449080948      0.823026214723E-01    0.0000
    0.010582592797      0.831742436382E-01    0.0000
    0.010717784018      0.840526007031E-01    0.0000
    0.010854675736      0.849376825768E-01    0.0000
    0.010993289340      0.858294770487E-01    0.0000
    0.011133646488      0.867279697246E-01    0.0000
    0.011275769112      0.876331439621E-01    0.0000
    0.011419679418      0.885449808050E-01    0.0000
    0.011565399893      0.894634589158E-01    0.0000
    0.011712953306      0.903885545075E-01    0.0000
    0.011862362713      0.913202412738E-01    0.0000
    0.012013651458      0.922584903185E-01    0.0000
    0.012166843182      0.932032700826E-01    0.0000
    0.012321961820      0.941545462706E-01    0.0000
    0.012479031611      0.951122817762E-01    0.0000
    0.012638077096      0.960764366048E-01    0.0000
    0.012799123128      0.970469677967E-01    0.0000
    0.012962194869      0.980238293473E-01    0.0000
    0.013127317799      0.990069721271E-01    0.0000
    0.013294517721      0.999963437991E-01    0.0000
    0.013463820759      0.100991888736E+00    0.0000
    0.013635253367      0.101993547937E+00    0.0000
    0.013808842332      0.103001258936E+00    0.0000
    0.013984614777      0.104014955723E+00    0.0000
    0.014162598167      0.105034568646E+00    0.0000
    0.014342820313      0.106060024330E+00    0.0000
    0.014525309374      0.107091245574E+00    0.0000
    0.014710093865      0.108128151270E+00    0.0000
    0.014897202659      0.109170656299E+00    0.0000
    0.015086664991      0.110218671440E+00    0.0000
    0.015278510467      0.111272103270E+00    0.0000
    0.015472769061      0.112330854068E+00    0.0000
    0.015669471128      0.113394821712E+00    0.0000
    0.015868647402      0.114463899580E+00    0.0000
    0.016070329005      0.115537976445E+00    0.0000
    0.016274547451      0.116616936372E+00    0.0000
    0.016481334648      0.117700658613E+00    0.0000
    0.016690722909      0.118789017498E+00    0.0000
    0.016902744949      0.119881882329E+00    0.0000
    0.017117433898      0.120979117269E+00    0.0000
    0.017334823302      0.122080581232E+00    0.0000
    0.017554947127      0.123186127771E+00    0.0000
    0.017777839770      0.124295604964E+00    0.0000
    0.018003536057      0.125408855301E+00    0.0000
    0.018232071254      0.126525715567E+00    0.0000
    0.018463481070      0.127646016726E+00    0.0000
    0.018697801662      0.128769583803E+00    0.0000
    0.018935069646      0.129896235766E+00    0.0000
    0.019175322092      0.131025785405E+00    0.0000
    0.019418596543      0.132158039211E+00    0.0000
    0.019664931010      0.133292797254E+00    0.0000
    0.019914363982      0.134429853063E+00    0.0000
    0.020166934436      0.135568993499E+00    0.0000
    0.020422681834      0.136709998632E+00    0.0000
    0.020681646139      0.137852641617E+00    0.0000
    0.020943867813      0.138996688567E+00    0.0000
    0.021209387831      0.140141898428E+00    0.0000
    0.021478247679      0.141288022848E+00    0.0000
    0.021750489367      0.142434806058E+00    0.0000
    0.022026155435      0.143581984734E+00    0.0000
    0.022305288954      0.144729287879E+00    0.0000
    0.022587933542      0.145876436687E+00    0.0000
    0.022874133360      0.147023144419E+00    0.0000
    0.023163933129      0.148169116271E+00    0.0000
    0.023457378130      0.149314049252E+00    0.0000
    0.023754514215      0.150457632048E+00    0.0000
    0.024055387812      0.151599544898E+00    0.0000
    0.024360045933      0.152739459467E+00    0.0000
    0.024668536181      0.153877038718E+00    0.0000
    0.024980906759      0.155011936784E+00    0.0000
    0.025297206475      0.156143798843E+00    0.0000
    0.025617484752      0.157272260993E+00    0.0000
    0.025941791633      0.158396950129E+00    0.0000
    0.026270177793      0.159517483819E+00    0.0000
    0.026602694543      0.160633470181E+00    0.0000
    0.026939393838      0.161744507765E+00    0.0000
    0.027280328288      0.162850185431E+00    0.0000
    0.027625551167      0.163950082235E+00    0.0000
    0.027975116414      0.165043767315E+00    0.0000
    0.028329078651      0.166130799770E+00    0.0000
    0.028687493185      0.167210728560E+00    0.0000
    0.029050416019      0.168283092388E+00    0.0000
    0.029417903860      0.169347419600E+00    0.0000
    0.029790014129      0.170403228079E+00    0.0000
    0.030166804969      0.171450025146E+00    0.0000
    0.030548335255      0.172487307463E+00    0.0000
    0.030934664600      0.173514560937E+00    0.0000
    0.031325853371      0.174531260637E+00    0.0000
    0.031721962690      0.175536870699E+00    0.0000
    0.032123054452      0.176530844252E+00    0.0000
    0.032529191327      0.177512623335E+00    0.0000
    0.032940436774      0.178481638828E+00    0.0000
    0.033356855053      0.179437310382E+00    0.0000
    0.033778511229      0.180379046359E+00    0.0000
    0.034205471186      0.181306243770E+00    0.0000
    0.034637801639      0.182218288227E+00    0.0000
    0.035075570139      0.183114553898E+00    0.0000
    0.035518845089      0.183994403465E+00    0.0000
    0.035967695752      0.184857188094E+00    0.0000
    0.036422192261      0.185702247407E+00    0.0000
    0.036882405632      0.186528909465E+00    0.0000
    0.037348407775      0.187336490758E+00    0.0000
    0.037820271504      0.188124296200E+00    0.0000
    0.038298070547      0.188891619137E+00    0.0000
    0.038781879562      0.189637741356E+00    0.0000
    0.039271774146      0.190361933116E+00    0.0000
    0.039767830845      0.191063453172E+00    0.0000
    0.040270127169      0.191741548822E+00    0.0000
    0.040778741603      0.192395455959E+00    0.0000
    0.041293753619      0.193024399131E+00    0.0000
    0.041815243689      0.193627591616E+00    0.0000
    0.042343293296      0.194204235510E+00    0.0000
    0.042877984950      0.194753521816E+00    0.0000
    0.043419402197      0.195274630561E+00    0.0000
    0.043967629634      0.195766730911E+00    0.0000
    0.044522752924      0.196228981310E+00    0.0000
    0.045084858805      0.196660529624E+00    0.0000
    0.045654035108      0.197060513304E+00    0.0000
    0.046230370767      0.197428059564E+00    0.0000
    0.046813955836      0.197762285566E+00    0.0000
    0.047404881502      0.198062298633E+00    0.0000
    0.048003240098      0.198327196466E+00    0.0000
    0.048609125118      0.198556067383E+00    0.0000
    0.049222631234      0.198747990573E+00    0.0000
    0.049843854306      0.198902036368E+00    0.0000
    0.050472891403      0.199017266534E+00    0.0000
    0.051109840813      0.199092734575E+00    0.0000
    0.051754802060      0.199127486061E+00    0.0000
    0.052407875920      0.199120558974E+00    0.0000
    0.053069164439      0.199070984067E+00    0.0000
    0.053738770943      0.198977785258E+00    0.0000
    0.054416800060      0.198839980026E+00    0.0000
    0.055103357734      0.198656579843E+00    0.0000
    0.055798551240      0.198426590619E+00    0.0000
    0.056502489203      0.198149013172E+00    0.0000
    0.057215281617      0.197822843722E+00    0.0000
    0.057937039855      0.197447074402E+00    0.0000
    0.058667876694      0.197020693802E+00    0.0000
    0.059407906329      0.196542687528E+00    0.0000
    0.060157244391      0.196012038790E+00    0.0000
    0.060916007965      0.195427729011E+00    0.0000
    0.061684315610      0.194788738469E+00    0.0000
    0.062462287376      0.194094046954E+00    0.0000
    0.063250044822      0.193342634462E+00    0.0000
    0.064047711036      0.192533481905E+00    0.0000
    0.064855410657      0.191665571857E+00    0.0000
    0.065673269888      0.190737889321E+00    0.0000
    0.066501416522      0.189749422527E+00    0.0000
    0.067339979958      0.188699163757E+00    0.0000
    0.068189091223      0.187586110197E+00    0.0000
    0.069048882994      0.186409264820E+00    0.0000
    0.069919489613      0.185167637296E+00    0.0000
    0.070801047116      0.183860244934E+00    0.0000
    0.071693693247      0.182486113648E+00    0.0000
    0.072597567484      0.181044278956E+00    0.0000
    0.073512811060      0.179533787011E+00    0.0000
    0.074439566982      0.177953695657E+00    0.0000
    0.075377980059      0.176303075519E+00    0.0000
    0.076328196920      0.174581011119E+00    0.0000
    0.077290366037      0.172786602027E+00    0.0000
    0.078264637751      0.170918964037E+00    0.0000
    0.079251164296      0.168977230376E+00    0.0000
    0.080250099816      0.166960552944E+00    0.0000
    0.081261600399      0.164868103581E+00    0.0000
    0.082285824093      0.162699075365E+00    0.0000
    0.083322930934      0.160452683937E+00    0.0000
    0.084373082974      0.158128168860E+00    0.0000
    0.085436444301      0.155724795004E+00    0.0000
    0.086513181066      0.153241853957E+00    0.0000
    0.087603461513      0.150678665468E+00    0.0000
    0.088707455999      0.148034578918E+00    0.0000
    0.089825337027      0.145308974809E+00    0.0000
    0.090957279266      0.142501266292E+00    0.0000
    0.092103459587      0.139610900715E+00    0.0000
    0.093264057081      0.136637361189E+00    0.0000
    0.094439253094      0.133580168190E+00    0.0000
    0.095629231254      0.130438881179E+00    0.0000
    0.096834177496      0.127213100239E+00    0.0000
    0.098054280096      0.123902467740E+00    0.0000
    0.099289729698      0.120506670027E+00    0.0000
    0.100540719342      0.117025439111E+00    0.0000
    0.101807444499      0.113458554401E+00    0.0000
    0.103090103097      0.109805844429E+00    0.0000
    0.104388895554      0.106067188607E+00    0.0000
    0.105704024809      0.102242518990E+00    0.0000
    0.107035696354      0.983318220503E-01    0.0000
    0.108384118265      0.943351404630E-01    0.0000
    0.109749501235      0.902525749021E-01    0.0000
    0.111132058609      0.860842858391E-01    0.0000
    0.112532006413      0.818304953486E-01    0.0000
    0.113949563394      0.774914889150E-01    0.0000
    0.115384951046      0.730676172393E-01    0.0000
    0.116838393652      0.685592980440E-01    0.0000
    0.118310118316      0.639670178722E-01    0.0000
    0.119800354997      0.592913338802E-01    0.0000
    0.121309336548      0.545328756193E-01    0.0000
    0.122837298750      0.496923468038E-01    0.0000
    0.124384480350      0.447705270638E-01    0.0000
    0.125951123100      0.397682736773E-01    0.0000
    0.127537471789      0.346865232802E-01    0.0000
    0.129143774289      0.295262935489E-01    0.0000
    0.130770281586      0.242886848530E-01    0.0000
    0.132417247827      0.189748818737E-01    0.0000
    0.134084930353      0.135861551841E-01    0.0000
    0.135773589743      0.812386278690E-02    0.0000
    0.137483489853      0.258945160593E-02    0.0000
    0.139214897858     -0.301554107327E-02    0.0000
    0.140968084296     -0.868948621753E-02    0.0000
    0.142743323104     -0.144306617192E-01    0.0000
    0.144540891667     -0.202372511317E-01    0.0000
    0.146361070860     -0.261073424722E-01    0.0000
    0.148204145088     -0.320389270929E-01    0.0000
    0.150070402336     -0.380298986254E-01    0.0000
    0.151960134210     -0.440780519987E-01    0.0000
    0.153873635985     -0.501810825343E-01    0.0000
    0.155811206650     -0.563365851162E-01    0.0000
    0.157773148953     -0.625420534382E-01    0.0000
    0.159759769453     -0.687948793265E-01    0.0000
    0.161771378562     -0.750923521350E-01    0.0000
    0.163808290599     -0.814316582121E-01    0.0000
    0.165870823835     -0.878098804347E-01    0.0000
    0.167959300545     -0.942239978065E-01    0.0000
    0.170074047059     -0.100670885117E+00    0.0000
    0.172215393809     -0.107147312660E+00    0.0000
    0.174383675386     -0.113649946001E+00    0.0000
    0.176579230587     -0.120175345809E+00    0.0000
    0.178802402473     -0.126719967736E+00    0.0000
    0.181053538419     -0.133280162351E+00    0.0000
    0.183332990169     -0.139852175149E+00    0.0000
    0.185641113893     -0.146432146618E+00    0.0000
    0.187978270239     -0.153016112391E+00    0.0000
    0.190344824392     -0.159600003499E+00    0.0000
    0.192741146133     -0.166179646728E+00    0.0000
    0.195167609890     -0.172750765110E+00    0.0000
    0.197624594805     -0.179308978568E+00    0.0000
    0.200112484785     -0.185849804729E+00    0.0000
    0.202631668568     -0.192368659944E+00    0.0000
    0.205182539783     -0.198860860516E+00    0.0000
    0.207765497007     -0.205321624183E+00    0.0000
    0.210380943834     -0.211746071848E+00    0.0000
    0.213029288932     -0.218129229588E+00    0.0000
    0.215710946111     -0.224466030948E+00    0.0000
    0.218426334384     -0.230751319521E+00    0.0000
    0.221175878037     -0.236979851816E+00    0.0000
    0.223960006692     -0.243146300407E+00    0.0000
    0.226779155374     -0.249245257349E+00    0.0000
    0.229633764582     -0.255271237861E+00    0.0000
    0.232524280352     -0.261218684231E+00    0.0000
    0.235451154336     -0.267081969961E+00    0.0000
    0.238414843862     -0.272855404106E+00    0.0000
    0.241415812013     -0.278533235809E+00    0.0000
    0.244454527696     -0.284109659008E+00    0.0000
    0.247531465718     -0.289578817321E+00    0.0000
    0.250647106855     -0.294934809078E+00    0.0000
    0.253801937933     -0.300171692517E+00    0.0000
    0.256996451901     -0.305283491134E+00    0.0000
    0.260231147909     -0.310264199181E+00    0.0000
    0.263506531383     -0.315107787323E+00    0.0000
    0.266823114110     -0.319808208441E+00    0.0000
    0.270181414311     -0.324359403597E+00    0.0000
    0.273581956729     -0.328755308146E+00    0.0000
    0.277025272705     -0.332989858007E+00    0.0000
    0.280511900264     -0.337056996082E+00    0.0000
    0.284042384199     -0.340950678824E+00    0.0000
    0.287617276156     -0.344664882942E+00    0.0000
    0.291237134717     -0.348193612258E+00    0.0000
    0.294902525494     -0.351530904675E+00    0.0000
    0.298614021211     -0.354670839286E+00    0.0000
    0.302372201797     -0.357607543587E+00    0.0000
    0.306177654475     -0.360335200794E+00    0.0000
    0.310030973856     -0.362848057267E+00    0.0000
    0.313932762028     -0.365140430004E+00    0.0000
    0.317883628653     -0.367206714219E+00    0.0000
    0.321884191062     -0.369041390985E+00    0.0000
    0.325935074352     -0.370639034927E+00    0.0000
    0.330036911481     -0.371994321957E+00    0.0000
    0.334190343370     -0.373102037044E+00    0.0000
    0.338396019000     -0.373957082010E+00    0.0000
    0.342654595518     -0.374554483326E+00    0.0000
    0.346966738334     -0.374889399921E+00    0.0000
    0.351333121229     -0.374957130975E+00    0.0000
    0.355754426460     -0.374753123693E+00    0.0000
    0.360231344864     -0.374272981056E+00    0.0000
    0.364764575970     -0.373512469525E+00    0.0000
    0.369354828104     -0.372467526698E+00    0.0000
    0.374002818501     -0.371134268916E+00    0.0000
    0.378709273421     -0.369508998786E+00    0.0000
    0.383474928255     -0.367588212643E+00    0.0000
    0.388300527648     -0.365368607910E+00    0.0000
    0.393186825609     -0.362847090371E+00    0.0000
    0.398134585633     -0.360020781331E+00    0.0000
    0.403144580816     -0.356887024666E+00    0.0000
    0.408217593980     -0.353443393738E+00    0.0000
    0.413354417795     -0.349687698185E+00    0.0000
    0.418555854900     -0.345617990558E+00    0.0000
    0.423822718028     -0.341232572809E+00    0.0000
    0.429155830140     -0.336530002608E+00    0.0000
    0.434556024544     -0.331509099488E+00    0.0000
    0.440024145031     -0.326168950809E+00    0.0000
    0.445561046007     -0.320508917513E+00    0.0000
    0.451167592623     -0.314528639690E+00    0.0000
    0.456844660915     -0.308228041910E+00    0.0000
    0.462593137935     -0.301607338338E+00    0.0000
    0.468413921894     -0.294667037600E+00    0.0000
    0.474307922303     -0.287407947401E+00    0.0000
    0.480276060110     -0.279831178878E+00    0.0000
    0.486319267849     -0.271938150670E+00    0.0000
    0.492438489784     -0.263730592707E+00    0.0000
    0.498634682055     -0.255210549680E+00    0.0000
    0.504908812831     -0.246380384209E+00    0.0000
    0.511261862456     -0.237242779663E+00    0.0000
    0.517694823609     -0.227800742642E+00    0.0000
    0.524208701451     -0.218057605092E+00    0.0000
    0.530804513791     -0.208017026041E+00    0.0000
    0.537483291236     -0.197682992949E+00    0.0000
    0.544246077359     -0.187059822634E+00    0.0000
    0.551093928861     -0.176152161788E+00    0.0000
    0.558027915730     -0.164964987044E+00    0.0000
    0.565049121417     -0.153503604592E+00    0.0000
    0.572158643000     -0.141773649320E+00    0.0000
    0.579357591356     -0.129781083477E+00    0.0000
    0.586647091334     -0.117532194836E+00    0.0000
    0.594028281935     -0.105033594356E+00    0.0000
    0.601502316484     -0.922922133156E-01    0.0000
    0.609070362814     -0.793152999329E-01    0.0000
    0.616733603449     -0.661104154500E-01    0.0000
    0.624493235784     -0.526854296856E-01    0.0000
    0.632350472279     -0.390485160545E-01    0.0000
    0.640306540642     -0.252081460579E-01    0.0000
    0.648362684026     -0.111730832507E-01    0.0000
    0.656520161218      0.304762330522E-02    0.0000
    0.664780246843      0.174446460862E-01    0.0000
    0.673144231554      0.320083866358E-01    0.0000
    0.681613422241      0.467289835572E-01    0.0000
    0.690189142233      0.615963209466E-01    0.0000
    0.698872731503      0.766000372455E-01    0.0000
    0.707665546881      0.917295344856E-01    0.0000
    0.716568962260      0.106973987906E+00    0.0000
    0.725584368818      0.122322355918E+00    0.0000
    0.734713175231      0.137763390408E+00    0.0000
    0.743956807893      0.153285647356E+00    0.0000
    0.753316711140      0.168877497791E+00    0.0000
    0.762794347477      0.184527139067E+00    0.0000
    0.772391197803      0.200222606518E+00    0.0000
    0.782108761646      0.215951785509E+00    0.0000
    0.791948557395      0.231702423976E+00    0.0000
    0.801912122538      0.247462145533E+00    0.0000
    0.812001013902      0.263218463285E+00    0.0000
    0.822216807897      0.278958794500E+00    0.0000
    0.832561100762      0.294670476326E+00    0.0000
    0.843035508814      0.310340782818E+00    0.0000
    0.853641668699      0.325956943512E+00    0.0000
    0.864381237653      0.341506163878E+00    0.0000
    0.875255893754      0.356975647961E+00    0.0000
    0.886267336190      0.372352623542E+00    0.0000
    0.897417285522      0.387624370084E+00    0.0000
    0.908707483950      0.402778249645E+00    0.0000
    0.920139695593      0.417801740725E+00    0.0000
    0.931715706755      0.432682474735E+00    0.0000
    0.943437326213      0.447408274274E+00    0.0000
    0.955306385494      0.461967191838E+00    0.0000
    0.967324739161      0.476347546779E+00    0.0000
    0.979494265107      0.490537957517E+00    0.0000
    0.991816864846      0.504527365184E+00    0.0000
    1.004294463809      0.518305044329E+00    0.0000
    1.016929011645      0.531860596288E+00    0.0000
    1.029722482530      0.545183921593E+00    0.0000
    1.042676875467      0.558265169629E+00    0.0000
    1.055794214609      0.571094666629E+00    0.0000
    1.069076549565      0.583662826835E+00    0.0000
    1.082525955728      0.595960055524E+00    0.0000
    1.096144534595      0.607976655784E+00    0.0000
    1.109934414096      0.619702752385E+00    0.0000
    1.123897748927      0.631128245122E+00    0.0000
    1.138036720890      0.642242800343E+00    0.0000
    1.152353539226      0.653035883695E+00    0.0000
    1.166850440968      0.663496830596E+00    0.0000
    1.181529691286      0.673614945231E+00    0.0000
    1.196393583842      0.683379615342E+00    0.0000
    1.211444441151      0.692780429437E+00    0.0000
    1.226684614939      0.701807285070E+00    0.0000
    1.242116486515      0.710450480455E+00    0.0000
    1.257742467139      0.718700785893E+00    0.0000
    1.273564998404      0.726549495010E+00    0.0000
    1.289586552611      0.733988458305E+00    0.0000
    1.305809633161      0.741010102722E+00    0.0000
    1.322236774944      0.747607441240E+00    0.0000
    1.338870544734      0.753774076057E+00    0.0000
    1.355713541591      0.759504198239E+00    0.0000
    1.372768397268      0.764792585924E+00    0.0000
    1.390037776620      0.769634602441E+00    0.0000
    1.407524378024      0.774026195160E+00    0.0000
    1.425230933796      0.777963895422E+00    0.0000
    1.443160210622      0.781444819629E+00    0.0000
    1.461315009988      0.784466671363E+00    0.0000
    1.479698168618      0.787027744278E+00    0.0000
    1.498312558917      0.789126925467E+00    0.0000
    1.517161089423      0.790763698955E+00    0.0000
    1.536246705257      0.791938148982E+00    0.0000
    1.555572388584      0.792650962769E+00    0.0000
    1.575141159083      0.792903432472E+00    0.0000
    1.594956074413      0.792697456071E+00    0.0000
    1.615020230696      0.792035537009E+00    0.0000
    1.635336762996      0.790920782392E+00    0.0000
    1.655908845812      0.789356899650E+00    0.0000
    1.676739693576      0.787348191578E+00    0.0000
    1.697832561149      0.784899549695E+00    0.0000
    1.719190744334      0.782016445933E+00    0.0000
    1.740817580392      0.778704922662E+00    0.0000
    1.762716448559      0.774971581079E+00    0.0000
    1.784890770578      0.770823568042E+00    0.0000
    1.807344011232      0.766268561397E+00    0.0000
    1.830079678886      0.761314753896E+00    0.0000
    1.853101326033      0.755970835790E+00    0.0000
    1.876412549853      0.750245976198E+00    0.0000
    1.900016992773      0.744149803346E+00    0.0000
    1.923918343034      0.737692383778E+00    0.0000
    1.948120335271      0.730884200641E+00    0.0000
    1.972626751094      0.723736131151E+00    0.0000
    1.997441419681      0.716259423321E+00    0.0000
    2.022568218375      0.708465672067E+00    0.0000
    2.048011073288      0.700366794771E+00    0.0000
    2.073773959919      0.691975006398E+00    0.0000
    2.099860903771      0.683302794255E+00    0.0000
    2.126275980983      0.674362892472E+00    0.0000
    2.153023318962      0.665168256286E+00    0.0000
    2.180107097037      0.655732036205E+00    0.0000
    2.207531547101      0.646067552126E+00    0.0000
    2.235300954282      0.636188267475E+00    0.0000
    2.263419657605      0.626107763425E+00    0.0000
    2.291892050675      0.615839713272E+00    0.0000
    2.320722582362      0.605397857001E+00    0.0000
    2.349915757494      0.594795976118E+00    0.0000
    2.379476137565      0.584047868778E+00    0.0000
    2.409408341445      0.573167325266E+00    0.0000
    2.439717046100      0.562168103859E+00    0.0000
    2.470406987328      0.551063907127E+00    0.0000
    2.501482960495      0.539868358674E+00    0.0000
    2.532949821284      0.528594980386E+00    0.0000
    2.564812486457      0.517257170182E+00    0.0000
    2.597075934620      0.505868180306E+00    0.0000
    2.629745207002      0.494441096184E+00    0.0000
    2.662825408243      0.482988815856E+00    0.0000
    2.696321707193      0.471524030009E+00    0.0000
    2.730239337716      0.460059202627E+00    0.0000
    2.764583599510      0.448606552273E+00    0.0000
    2.799359858938      0.437178034025E+00    0.0000
    2.834573549859      0.425785322078E+00    0.0000
    2.870230174485      0.414439793048E+00    0.0000
    2.906335304236      0.403152509978E+00    0.0000
    2.942894580613      0.391934207094E+00    0.0000
    2.979913716075      0.380795275333E+00    0.0000
    3.017398494939      0.369745748661E+00    0.0000
    3.055354774277      0.358795291244E+00    0.0000
    3.093788484836      0.347953185493E+00    0.0000
    3.132705631960      0.337228321017E+00    0.0000
    3.172112296534      0.326629184559E+00    0.0000
    3.212014635928      0.316163850924E+00    0.0000
    3.252418884965      0.305839974971E+00    0.0000
    3.293331356890      0.295664784703E+00    0.0000
    3.334758444361      0.285645075499E+00    0.0000
    3.376706620444      0.275787205528E+00    0.0000
    3.419182439627      0.266097092382E+00    0.0000
    3.462192538844      0.256580210954E+00    0.0000
    3.505743638509      0.247241592581E+00    0.0000
    3.549842543571      0.238085825469E+00    0.0000
    3.594496144573      0.229117056400E+00    0.0000
    3.639711418731      0.220338993714E+00    0.0000
    3.685495431025      0.211754911551E+00    0.0000
    3.731855335298      0.203367655325E+00    0.0000
    3.778798375380      0.195179648387E+00    0.0000
    3.826331886218      0.187192899841E+00    0.0000
    3.874463295018      0.179409013440E+00    0.0000
    3.923200122411      0.171829197513E+00    0.0000
    3.972549983626      0.164454275829E+00    0.0000
    4.022520589679      0.157284699347E+00    0.0000
    4.073119748578      0.150320558735E+00    0.0000
    4.124355366546      0.143561597598E+00    0.0000
    4.176235449251      0.137007226307E+00    0.0000
    4.228768103063      0.130656536338E+00    0.0000
    4.281961536315      0.124508315041E+00    0.0000
    4.335824060589      0.118561060733E+00    0.0000
    4.390364092015      0.112812998031E+00    0.0000
    4.445590152583      0.107262093344E+00    0.0000
    4.501510871478      0.101906070431E+00    0.0000
    4.558134986425      0.967424259583E-01    0.0000
    4.615471345059      0.917684449739E-01    0.0000
    4.673528906301      0.869812162362E-01    0.0000
    4.732316741763      0.823776473359E-01    0.0000
    4.791844037165      0.779544795547E-01    0.0000
    4.852120093768      0.737083024133E-01    0.0000
    4.913154329828      0.696355678664E-01    0.0000
    4.974956282068      0.657326041113E-01    0.0000
    5.037535607170      0.619956289793E-01    0.0000
    5.100902083280      0.584207628907E-01    0.0000
    5.165065611539      0.550040413553E-01    0.0000
    5.230036217629      0.517414270098E-01    0.0000
    5.295824053339      0.486288211873E-01    0.0000
    5.362439398153      0.456620750189E-01    0.0000
    5.429892660853      0.428370000716E-01    0.0000
    5.498194381149      0.401493785313E-01    0.0000
    5.567355231324      0.375949729402E-01    0.0000
    5.637386017902      0.351695355026E-01    0.0000
    5.708297683335      0.328688169726E-01    0.0000
    5.780101307715      0.306885751381E-01    0.0000
    5.852808110505      0.286245829152E-01    0.0000
    5.926429452291      0.266726360683E-01    0.0000
    6.000976836556      0.248285605652E-01    0.0000
    6.076461911482      0.230882195811E-01    0.0000
    6.152896471765      0.214475201580E-01    0.0000
    6.230292460461      0.199024195259E-01    0.0000
    6.308661970850      0.184489310919E-01    0.0000
    6.388017248327      0.170831300959E-01    0.0000
    6.468370692317      0.158011589363E-01    0.0000
    6.549734858208      0.145992321610E-01    0.0000
    6.632122459317      0.134736411213E-01    0.0000
    6.715546368874      0.124207582856E-01    0.0000
    6.800019622035      0.114370412049E-01    0.0000
    6.885555417917      0.105190361278E-01    0.0000
    6.972167121663      0.966338125780E-02    0.0000
    7.059868266526      0.886680964924E-02    0.0000
    7.148672555991      0.812615173831E-02    0.0000
    7.238593865908      0.743833750647E-02    0.0000
    7.329646246663      0.680039827586E-02    0.0000
    7.421843925378      0.620946813770E-02    0.0000
    7.515201308126      0.566278501650E-02    0.0000
    7.609732982189      0.515769137520E-02    0.0000
    7.705453718334      0.469163456823E-02    0.0000
    7.802378473120      0.426216685147E-02    0.0000
    7.900522391236      0.386694506017E-02    0.0000
    7.999900807871      0.350372996787E-02    0.0000
    8.100529251104      0.317038534064E-02    0.0000
    8.202423444333      0.286487670310E-02    0.0000
    8.305599308735      0.258526983363E-02    0.0000
    8.410072965746      0.232972900746E-02    0.0000
    8.515860739590      0.209651500741E-02    0.0000
    8.622979159821      0.188398292255E-02    0.0000
    8.731444963909      0.169057975578E-02    0.0000
    8.841275099859      0.151484186153E-02    0.0000
    8.952486728851      0.135539223473E-02    0.0000
    9.065097227929      0.121093767251E-02    0.0000
    9.179124192712      0.108026582927E-02    0.0000
    9.294585440147      0.962242185693E-03    0.0000
    9.411499011287      0.855806951608E-03    0.0000
    9.529883174116      0.759971921633E-03    0.0000
    9.649756426400      0.673817301992E-03    0.0000
    9.771137498580      0.596488525705E-03    0.0000
    9.894045356693      0.527193072424E-03    0.0000
   10.018499205344      0.465197308023E-03    0.0000
   10.144518490700      0.409823357933E-03    0.0000
   10.272122903529      0.360446026993E-03    0.0000
   10.401332382281      0.316489777379E-03    0.0000
   10.532167116201      0.277425774980E-03    0.0000
   10.664647548481      0.242769013343E-03    0.0000
   10.798794379458      0.212075523146E-03    0.0000
   10.934628569848      0.184939673984E-03    0.0000
   11.072171344020      0.160991574113E-03    0.0000
   11.211444193311      0.139894572737E-03    0.0000
   11.352468879388      0.121342868379E-03    0.0000
   11.495267437645      0.105059225894E-03    0.0000
   11.639862180647      0.907928037931E-04    0.0000
   11.786275701617      0.783170926722E-04    0.0000
   11.934530877965      0.674279647815E-04    0.0000
   12.084650874865      0.579418340376E-04    0.0000
   12.236659148871      0.496939251510E-04    0.0000
   12.390579451585      0.425366499579E-04    0.0000
   12.546435833368      0.363380885414E-04    0.0000
   12.704252647097      0.309805722827E-04    0.0000
   12.864054551969      0.263593656071E-04    0.0000
   13.025866517358      0.223814428749E-04    0.0000
   13.189713826713      0.189643566080E-04    0.0000
   13.355622081508      0.160351930436E-04    0.0000
   13.523617205246      0.135296108547E-04    0.0000
   13.693725447507      0.113909587788E-04    0.0000
   13.865973388050      0.956946783485E-05    0.0000
   14.040387940967      0.802151379488E-05    0.0000
   14.216996358885      0.670894559416E-05    0.0000
   14.395826237229      0.559847541648E-05    0.0000
   14.576905518533      0.466112627029E-05    0.0000
   14.760262496801      0.387173297665E-05    0.0000
   14.945925821935      0.320849261545E-05    0.0000
   15.133924504207      0.265256061945E-05    0.0000
   15.324287918793      0.218768886293E-05    0.0000
   15.517045810366      0.179990225999E-05    0.0000
   15.712228297736      0.147721056428E-05    0.0000
   15.909865878566      0.120935224366E-05    0.0000
   16.109989434128      0.987567489030E-06    0.0000
   16.312630234136      0.804397602000E-06    0.0000
   16.517819941628      0.653508191407E-06    0.0000
   16.725590617911      0.529533795526E-06    0.0000
   16.935974727578      0.427941713533E-06    0.0000
   17.149005143573      0.344913011052E-06    0.0000
   17.364715152333      0.277238883762E-06    0.0000
   17.583138458984      0.222230531702E-06    0.0000
   17.804309192614      0.177641038465E-06    0.0000
   18.028261911598      0.141598509443E-06    0.0000
   18.255031609006      0.112547074825E-06    0.0000
   18.484653718064      0.891980186087E-07    0.0000
   18.717164117693      0.704865282884E-07    0.0000
   18.952599138116      0.555355345932E-07    0.0000
   19.190995566535      0.436248096566E-07    0.0000
   19.432390652876      0.341646921242E-07    0.0000
   19.676822115613      0.266738851351E-07    0.0000
   19.924328147659      0.207607507122E-07    0.0000
   20.174947422335      0.161076003164E-07    0.0000
   20.428719099413      0.124575442791E-07    0.0000
   20.685682831233      0.960351925828E-08    0.0000
   20.945878768901      0.737916322010E-08    0.0000
   21.209347568563      0.565125220030E-08    0.0000
   21.476130397753      0.431345270030E-08    0.0000
   21.746268941833      0.328117847711E-08    0.0000
   22.019805410498      0.248737111566E-08    0.0000
   22.296782544379      0.187905054250E-08    0.0000
   22.577243621717      0.141450493937E-08    0.0000
   22.861232465125      0.106100970852E-08    0.0000
   23.148793448437      0.792982570326E-09    0.0000
   23.439971503643      0.590496853807E-09    0.0000
   23.734812127907      0.438087860476E-09    0.0000
   24.033361390675      0.323798108580E-09    0.0000
   24.335665940877      0.238416536742E-09    0.0000
   24.641773014214      0.174874581387E-09    0.0000
   24.951730440540      0.127768634821E-09    0.0000
   25.265586651332      0.929839138776E-10    0.0000
   25.583390687262      0.673993760302E-10    0.0000
   25.905192205858      0.486571459975E-10    0.0000
   26.231041489261      0.349830794749E-10    0.0000
   26.560989452085      0.250476949358E-10    0.0000
   26.895087649371      0.178588387196E-10    0.0000
   27.233388284640      0.126791898777E-10    0.0000
   27.575944218057      0.896312541497E-11    0.0000
   27.922808974682      0.630860984502E-11    0.0000
   28.274036752839      0.442069301137E-11    0.0000
   28.629682432584      0.308393707206E-11    0.0000
   28.989801584277      0.214168107097E-11    0.0000
   29.354450477268      0.148051771368E-11    0.0000
   29.723686088689      0.101872511947E-11    0.0000
   30.097566112356      0.697685655865E-12    0.0000
   30.476148967782      0.475550248429E-12    0.0000
   30.859493809310      0.322582667482E-12    0.0000
   31.247660535349      0.217754674449E-12    0.0000
   31.640709797742      0.146267997203E-12    0.0000
   32.038703011236      0.977596691352E-13    0.0000
   32.441702363078      0.650087176172E-13    0.0000
   32.849770822739      0.430088178768E-13    0.0000
   33.262972151744      0.283067284501E-13    0.0000
   33.681370913644      0.185327566181E-13    0.0000
   34.105032484094      0.120692451487E-13    0.0000
   34.534023061078      0.781773911406E-14    0.0000
   34.968409675246      0.503632924792E-14    0.0000
   35.408260200390      0.322663237678E-14    0.0000
   35.853643364049      0.205568944497E-14    0.0000
   36.304628758250      0.130229099541E-14    0.0000
   36.761286850377      0.820296015306E-15    0.0000
   37.223688994187      0.513705680612E-15    0.0000
   37.691907440955      0.319821866952E-15    0.0000
   38.166015350766      0.197934010035E-15    0.0000
   38.646086803946      0.121764105848E-15    0.0000
   39.132196812635      0.744513345781E-16    0.0000
   39.624421332513      0.452425865064E-16    0.0000
   40.122837274660      0.273219147596E-16    0.0000
   40.627522517583      0.163957119365E-16    0.0000
   41.138555919378      0.977622478115E-17    0.0000
   41.656017330052      0.579161626194E-17    0.0000
   42.179987604005      0.340864416943E-17    0.0000
   42.710548612658      0.199288422184E-17    0.0000
   43.247783257247      0.115735301159E-17    0.0000
   43.791775481779      0.667571059176E-18    0.0000
   44.342610286146      0.382420507470E-18    0.0000
   44.900373739406      0.217550780532E-18    0.0000
   45.465152993235      0.122890791459E-18    0.0000
   46.037036295539      0.689255638139E-19    0.0000
   46.616113004247      0.383801190866E-19    0.0000
   47.202473601275      0.212158128582E-19    0.0000
   47.796209706658      0.116413250597E-19    0.0000
   48.397414092870      0.634010148310E-20    0.0000
   49.006180699320      0.342690753434E-20    0.0000
   49.622604647029      0.183815420304E-20    0.0000
   50.246782253492      0.978352906620E-21    0.0000
   50.878811047732      0.516658429848E-21    0.0000
   51.518789785532      0.270686067585E-21    0.0000
   52.166818464872      0.140683251692E-21    0.0000
   52.822998341552      0.725257801589E-22    0.0000
   53.487431945013      0.370830157080E-22    0.0000
   54.160223094358      0.188039516664E-22    0.0000
   54.841476914571      0.945525389285E-23    0.0000
   55.531299852949      0.471417310867E-23    0.0000
   56.229799695728      0.233025869523E-23    0.0000
   56.937085584932      0.114189665398E-23    0.0000
   57.653268035418      0.554665373991E-24    0.0000
   58.378458952151      0.267038709869E-24    0.0000
   59.112771647689      0.127412903596E-24    0.0000
   59.856320859883      0.602428561924E-25    0.0000
   60.609222769810      0.282232741278E-25    0.0000
   61.371595019927      0.131001275320E-25    0.0000
   62.143556732447      0.602374243178E-26    0.0000
   62.925228527960      0.274369816629E-26    0.0000
   63.716732544273      0.123777460454E-26    0.0000
   64.518192455500      0.553016695678E-27    0.0000
   65.329733491382      0.244670968573E-27    0.0000
   66.151482456857      0.107184061016E-27    0.0000
   66.983567751872      0.464876477588E-28    0.0000
   67.826119391449      0.199600015890E-28    0.0000
   68.679269025994      0.848311352142E-29    0.0000
   69.543149961875      0.356843528460E-29    0.0000
   70.417897182245      0.148554026677E-29    0.0000
   71.303647368136      0.611971814964E-30    0.0000
   72.200538919817      0.249445272626E-30    0.0000
   73.108711978419      0.100594131944E-30    0.0000
   74.028308447829      0.401310367940E-31    0.0000
   74.959472016866      0.158363670978E-31    0.0000
   75.902348181732      0.618095439803E-32    0.0000
   76.857084268747      0.238582160173E-32    0.0000
   77.823829457367      0.910669566084E-33    0.0000
   78.802734803494      0.343702314674E-33    0.0000
   79.793953263080      0.128251253039E-33    0.0000
   80.797639716027      0.473104945808E-34    0.0000
   81.813950990383      0.172516138180E-34    0.0000
   82.843045886855      0.621782509830E-35    0.0000
   83.885085203612      0.221485102777E-35    0.0000
   84.940231761418      0.779666866851E-36    0.0000
   86.008650429071      0.271202750162E-36    0.0000
   87.090508149159      0.932099176404E-37    0.0000
   88.185973964153      0.316501994649E-37    0.0000
   89.295219042816      0.106169817947E-37    0.0000
   90.418416706947      0.351803991775E-38    0.0000
   91.555742458468      0.115143945846E-38    0.0000
   92.707374006839      0.372210434654E-39    0.0000
   93.873491296835      0.118825703680E-39    0.0000
   95.054276536653      0.374606156901E-40    0.0000
   96.249914226390      0.116614165424E-40    0.0000
   97.460591186868      0.358434502029E-41    0.0000
   98.686496588825      0.108773140714E-41    0.0000
   99.927821982473      0.325881143649E-42    0.0000
  101.184761327432      0.963820022103E-43    0.0000
  102.457511023030      0.281388533780E-43    0.0000
  103.746269938999      0.810898502222E-44    0.0000
  105.051239446539      0.230650202142E-44    0.0000
  106.372623449792      0.647508588961E-45    0.0000
  107.710628417696      0.179394370528E-45    0.0000
  109.065463416250      0.490495508311E-46    0.0000
  110.437340141179      0.132425558175E-46    0.0000
  111.826472951012      0.352969316034E-47    0.0000
  113.233078900578      0.912479289531E-48    0.0000
  114.657377774917      0.215706556285E-48    0.0000
  116.099592123625      0.500754706741E-49    0.0000
  117.559947295631      0.114132412891E-49    0.0000
  119.038671474399      0.255337660152E-50    0.0000
