    0.000002078591     -0.119006302798E-09    0.0000
    0.000004183327     -0.481967659423E-09    0.0000
    0.000006314538     -0.109805237028E-08    0.0000
    0.000008472556     -0.197671494293E-08    0.0000
    0.000010657719     -0.312693733037E-08    0.0000
    0.000012870367     -0.455778540139E-08    0.0000
    0.000015110847     -0.628001036692E-08    0.0000
    0.000017379509     -0.830381996601E-08    0.0000
    0.000019676708     -0.106400662710E-07    0.0000
    0.000022002801     -0.132998071582E-07    0.0000
    0.000024358153     -0.162944561321E-07    0.0000
    0.000026743132     -0.196357455644E-07    0.0000
    0.000029158110     -0.233357552448E-07    0.0000
    0.000031603465     -0.274069133173E-07    0.0000
    0.000034079579     -0.318620078563E-07    0.0000
    0.000036586838     -0.367141953906E-07    0.0000
    0.000039125635     -0.419770105332E-07    0.0000
    0.000041696365     -0.476643757666E-07    0.0000
    0.000044299432     -0.537906115068E-07    0.0000
    0.000046935241     -0.603704464834E-07    0.0000
    0.000049604205     -0.674190284022E-07    0.0000
    0.000052306740     -0.749519349131E-07    0.0000
    0.000055043269     -0.829851848786E-07    0.0000
    0.000057814219     -0.915352499498E-07    0.0000
    0.000060620023     -0.100619066455E-06    0.0000
    0.000063461120     -0.110254047608E-06    0.0000
    0.000066337954     -0.120458096034E-06    0.0000
    0.000069250973     -0.131249616638E-06    0.0000
    0.000072200634     -0.142647529799E-06    0.0000
    0.000075187397     -0.154671284921E-06    0.0000
    0.000078211729     -0.167340874327E-06    0.0000
    0.000081274103     -0.180676847527E-06    0.0000
    0.000084374996     -0.194700325845E-06    0.0000
    0.000087514894     -0.209433017433E-06    0.0000
    0.000090694286     -0.224897232673E-06    0.0000
    0.000093913671     -0.241115899973E-06    0.0000
    0.000097173551     -0.258112581976E-06    0.0000
    0.000100474434     -0.275911492183E-06    0.0000
    0.000103816838     -0.294537512008E-06    0.0000
    0.000107201284     -0.314016208267E-06    0.0000
    0.000110628301     -0.334373851122E-06    0.0000
    0.000114098425     -0.355637432486E-06    0.0000
    0.000117612197     -0.377834684893E-06    0.0000
    0.000121170168     -0.400994100860E-06    0.0000
    0.000124772892     -0.425144952744E-06    0.0000
    0.000128420932     -0.450317313102E-06    0.0000
    0.000132114860     -0.476542075581E-06    0.0000
    0.000135855251     -0.503850976336E-06    0.0000
    0.000139642691     -0.532276615996E-06    0.0000
    0.000143477770     -0.561852482196E-06    0.0000
    0.000147361090     -0.592612972678E-06    0.0000
    0.000151293255     -0.624593418986E-06    0.0000
    0.000155274881     -0.657830110767E-06    0.0000
    0.000159306589     -0.692360320684E-06    0.0000
    0.000163389010     -0.728222329975E-06    0.0000
    0.000167522782     -0.765455454654E-06    0.0000
    0.000171708550     -0.804100072383E-06    0.0000
    0.000175946969     -0.844197650029E-06    0.0000
    0.000180238700     -0.885790771921E-06    0.0000
    0.000184584415     -0.928923168825E-06    0.0000
    0.000188984792     -0.973639747660E-06    0.0000
    0.000193440519     -0.101998662196E-05    0.0000
    0.000197952292     -0.106801114313E-05    0.0000
    0.000202520816     -0.111776193245E-05    0.0000
    0.000207146805     -0.116928891397E-05    0.0000
    0.000211830982     -0.122264334816E-05    0.0000
    0.000216574079     -0.127787786645E-05    0.0000
    0.000221376837     -0.133504650667E-05    0.0000
    0.000226240005     -0.139420474933E-05    0.0000
    0.000231164345     -0.145540955486E-05    0.0000
    0.000236150626     -0.151871940181E-05    0.0000
    0.000241199626     -0.158419432597E-05    0.0000
    0.000246312135     -0.165189596049E-05    0.0000
    0.000251488951     -0.172188757708E-05    0.0000
    0.000256730883     -0.179423412816E-05    0.0000
    0.000262038751     -0.186900229013E-05    0.0000
    0.000267413384     -0.194626050773E-05    0.0000
    0.000272855621     -0.202607903949E-05    0.0000
    0.000278366313     -0.210853000442E-05    0.0000
    0.000283946321     -0.219368742973E-05    0.0000
    0.000289596517     -0.228162729988E-05    0.0000
    0.000295317784     -0.237242760685E-05    0.0000
    0.000301111016     -0.246616840161E-05    0.0000
    0.000306977117     -0.256293184697E-05    0.0000
    0.000312917005     -0.266280227171E-05    0.0000
    0.000318931607     -0.276586622610E-05    0.0000
    0.000325021864     -0.287221253883E-05    0.0000
    0.000331188726     -0.298193237532E-05    0.0000
    0.000337433159     -0.309511929757E-05    0.0000
    0.000343756136     -0.321186932549E-05    0.0000
    0.000350158647     -0.333228099975E-05    0.0000
    0.000356641692     -0.345645544621E-05    0.0000
    0.000363206283     -0.358449644207E-05    0.0000
    0.000369853446     -0.371651048351E-05    0.0000
    0.000376584221     -0.385260685520E-05    0.0000
    0.000383399658     -0.399289770145E-05    0.0000
    0.000390300823     -0.413749809920E-05    0.0000
    0.000397288794     -0.428652613281E-05    0.0000
    0.000404364663     -0.444010297076E-05    0.0000
    0.000411529535     -0.459835294424E-05    0.0000
    0.000418784530     -0.476140362777E-05    0.0000
    0.000426130782     -0.492938592176E-05    0.0000
    0.000433569439     -0.510243413722E-05    0.0000
    0.000441101662     -0.528068608255E-05    0.0000
    0.000448728628     -0.546428315249E-05    0.0000
    0.000456451531     -0.565337041937E-05    0.0000
    0.000464271575     -0.584809672658E-05    0.0000
    0.000472189984     -0.604861478436E-05    0.0000
    0.000480207993     -0.625508126811E-05    0.0000
    0.000488326857     -0.646765691898E-05    0.0000
    0.000496547844     -0.668650664716E-05    0.0000
    0.000504872238     -0.691179963760E-05    0.0000
    0.000513301340     -0.714370945849E-05    0.0000
    0.000521836467     -0.738241417234E-05    0.0000
    0.000530478952     -0.762809644995E-05    0.0000
    0.000539230147     -0.788094368714E-05    0.0000
    0.000548091418     -0.814114812442E-05    0.0000
    0.000557064151     -0.840890696966E-05    0.0000
    0.000566149746     -0.868442252378E-05    0.0000
    0.000575349624     -0.896790230964E-05    0.0000
    0.000584665222     -0.925955920408E-05    0.0000
    0.000594097997     -0.955961157327E-05    0.0000
    0.000603649420     -0.986828341145E-05    0.0000
    0.000613320986     -0.101858044831E-04    0.0000
    0.000623114205     -0.105124104686E-04    0.0000
    0.000633030608     -0.108483431137E-04    0.0000
    0.000643071744     -0.111938503825E-04    0.0000
    0.000653239182     -0.115491866142E-04    0.0000
    0.000663534510     -0.119146126840E-04    0.0000
    0.000673959338     -0.122903961679E-04    0.0000
    0.000684515294     -0.126768115114E-04    0.0000
    0.000695204027     -0.130741402025E-04    0.0000
    0.000706027208     -0.134826709491E-04    0.0000
    0.000716986528     -0.139026998610E-04    0.0000
    0.000728083699     -0.143345306354E-04    0.0000
    0.000739320456     -0.147784747485E-04    0.0000
    0.000750698553     -0.152348516507E-04    0.0000
    0.000762219769     -0.157039889669E-04    0.0000
    0.000773885905     -0.161862227021E-04    0.0000
    0.000785698782     -0.166818974518E-04    0.0000
    0.000797660247     -0.171913666177E-04    0.0000
    0.000809772169     -0.177149926283E-04    0.0000
    0.000822036440     -0.182531471659E-04    0.0000
    0.000834454976     -0.188062113982E-04    0.0000
    0.000847029719     -0.193745762163E-04    0.0000
    0.000859762632     -0.199586424782E-04    0.0000
    0.000872655705     -0.205588212586E-04    0.0000
    0.000885710954     -0.211755341042E-04    0.0000
    0.000898930417     -0.218092132965E-04    0.0000
    0.000912316161     -0.224603021198E-04    0.0000
    0.000925870276     -0.231292551365E-04    0.0000
    0.000939594882     -0.238165384691E-04    0.0000
    0.000953492121     -0.245226300890E-04    0.0000
    0.000967564167     -0.252480201124E-04    0.0000
    0.000981813217     -0.259932111036E-04    0.0000
    0.000996241498     -0.267587183856E-04    0.0000
    0.001010851264     -0.275450703583E-04    0.0000
    0.001025644798     -0.283528088250E-04    0.0000
    0.001040624413     -0.291824893259E-04    0.0000
    0.001055792447     -0.300346814809E-04    0.0000
    0.001071151273     -0.309099693400E-04    0.0000
    0.001086703288     -0.318089517424E-04    0.0000
    0.001102450923     -0.327322426851E-04    0.0000
    0.001118396640     -0.336804716993E-04    0.0000
    0.001134542929     -0.346542842369E-04    0.0000
    0.001150892313     -0.356543420664E-04    0.0000
    0.001167447347     -0.366813236779E-04    0.0000
    0.001184210618     -0.377359246984E-04    0.0000
    0.001201184745     -0.388188583175E-04    0.0000
    0.001218372380     -0.399308557224E-04    0.0000
    0.001235776209     -0.410726665452E-04    0.0000
    0.001253398951     -0.422450593193E-04    0.0000
    0.001271243360     -0.434488219480E-04    0.0000
    0.001289312224     -0.446847621843E-04    0.0000
    0.001307608366     -0.459537081221E-04    0.0000
    0.001326134645     -0.472565086997E-04    0.0000
    0.001344893957     -0.485940342149E-04    0.0000
    0.001363889231     -0.499671768537E-04    0.0000
    0.001383123437     -0.513768512303E-04    0.0000
    0.001402599579     -0.528239949415E-04    0.0000
    0.001422320700     -0.543095691341E-04    0.0000
    0.001442289883     -0.558345590854E-04    0.0000
    0.001462510248     -0.573999747987E-04    0.0000
    0.001482984953     -0.590068516128E-04    0.0000
    0.001503717198     -0.606562508259E-04    0.0000
    0.001524710223     -0.623492603348E-04    0.0000
    0.001545967308     -0.640869952898E-04    0.0000
    0.001567491773     -0.658705987647E-04    0.0000
    0.001589286984     -0.677012424439E-04    0.0000
    0.001611356344     -0.695801273246E-04    0.0000
    0.001633703303     -0.715084844376E-04    0.0000
    0.001656331351     -0.734875755839E-04    0.0000
    0.001679244026     -0.755186940899E-04    0.0000
    0.001702444907     -0.776031655803E-04    0.0000
    0.001725937618     -0.797423487696E-04    0.0000
    0.001749725832     -0.819376362727E-04    0.0000
    0.001773813264     -0.841904554346E-04    0.0000
    0.001798203679     -0.865022691804E-04    0.0000
    0.001822900888     -0.888745768848E-04    0.0000
    0.001847908750     -0.913089152633E-04    0.0000
    0.001873231171     -0.938068592839E-04    0.0000
    0.001898872110     -0.963700231009E-04    0.0000
    0.001924835572     -0.990000610109E-04    0.0000
    0.001951125613     -0.101698668431E-03    0.0000
    0.001977746343     -0.104467582902E-03    0.0000
    0.002004701921     -0.107308585112E-03    0.0000
    0.002031996558     -0.110223499948E-03    0.0000
    0.002059634519     -0.113214197570E-03    0.0000
    0.002087620123     -0.116282594513E-03    0.0000
    0.002115957742     -0.119430654810E-03    0.0000
    0.002144651805     -0.122660391148E-03    0.0000
    0.002173706795     -0.125973866047E-03    0.0000
    0.002203127251     -0.129373193068E-03    0.0000
    0.002232917772     -0.132860538048E-03    0.0000
    0.002263083011     -0.136438120368E-03    0.0000
    0.002293627682     -0.140108214248E-03    0.0000
    0.002324556557     -0.143873150071E-03    0.0000
    0.002355874470     -0.147735315738E-03    0.0000
    0.002387586314     -0.151697158064E-03    0.0000
    0.002419697044     -0.155761184188E-03    0.0000
    0.002452211677     -0.159929963039E-03    0.0000
    0.002485135293     -0.164206126813E-03    0.0000
    0.002518473038     -0.168592372505E-03    0.0000
    0.002552230120     -0.173091463462E-03    0.0000
    0.002586411814     -0.177706230978E-03    0.0000
    0.002621023461     -0.182439575927E-03    0.0000
    0.002656070468     -0.187294470434E-03    0.0000
    0.002691558313     -0.192273959579E-03    0.0000
    0.002727492539     -0.197381163148E-03    0.0000
    0.002763878763     -0.202619277419E-03    0.0000
    0.002800722669     -0.207991576994E-03    0.0000
    0.002838030014     -0.213501416668E-03    0.0000
    0.002875806628     -0.219152233343E-03    0.0000
    0.002914058414     -0.224947547993E-03    0.0000
    0.002952791347     -0.230890967658E-03    0.0000
    0.002992011481     -0.236986187500E-03    0.0000
    0.003031724943     -0.243236992900E-03    0.0000
    0.003071937940     -0.249647261598E-03    0.0000
    0.003112656753     -0.256220965891E-03    0.0000
    0.003153887746     -0.262962174873E-03    0.0000
    0.003195637361     -0.269875056730E-03    0.0000
    0.003237912122     -0.276963881089E-03    0.0000
    0.003280718633     -0.284233021416E-03    0.0000
    0.003324063585     -0.291686957469E-03    0.0000
    0.003367953748     -0.299330277810E-03    0.0000
    0.003412395982     -0.307167682372E-03    0.0000
    0.003457397231     -0.315203985078E-03    0.0000
    0.003502964525     -0.323444116532E-03    0.0000
    0.003549104986     -0.331893126754E-03    0.0000
    0.003595825822     -0.340556187994E-03    0.0000
    0.003643134334     -0.349438597592E-03    0.0000
    0.003691037913     -0.358545780914E-03    0.0000
    0.003739544046     -0.367883294349E-03    0.0000
    0.003788660310     -0.377456828372E-03    0.0000
    0.003838394381     -0.387272210676E-03    0.0000
    0.003888754030     -0.397335409374E-03    0.0000
    0.003939747125     -0.407652536273E-03    0.0000
    0.003991381634     -0.418229850214E-03    0.0000
    0.004043665626     -0.429073760495E-03    0.0000
    0.004096607269     -0.440190830362E-03    0.0000
    0.004150214836     -0.451587780581E-03    0.0000
    0.004204496703     -0.463271493082E-03    0.0000
    0.004259461352     -0.475249014694E-03    0.0000
    0.004315117371     -0.487527560947E-03    0.0000
    0.004371473457     -0.500114519970E-03    0.0000
    0.004428538415     -0.513017456464E-03    0.0000
    0.004486321161     -0.526244115766E-03    0.0000
    0.004544830726     -0.539802428000E-03    0.0000
    0.004604076250     -0.553700512316E-03    0.0000
    0.004664066991     -0.567946681220E-03    0.0000
    0.004724812322     -0.582549445001E-03    0.0000
    0.004786321736     -0.597517516248E-03    0.0000
    0.004848604843     -0.612859814461E-03    0.0000
    0.004911671375     -0.628585470772E-03    0.0000
    0.004975531186     -0.644703832749E-03    0.0000
    0.005040194255     -0.661224469318E-03    0.0000
    0.005105670685     -0.678157175777E-03    0.0000
    0.005171970707     -0.695511978922E-03    0.0000
    0.005239104681     -0.713299142276E-03    0.0000
    0.005307083096     -0.731529171434E-03    0.0000
    0.005375916575     -0.750212819510E-03    0.0000
    0.005445615872     -0.769361092708E-03    0.0000
    0.005516191878     -0.788985255995E-03    0.0000
    0.005587655622     -0.809096838907E-03    0.0000
    0.005660018268     -0.829707641462E-03    0.0000
    0.005733291124     -0.850829740198E-03    0.0000
    0.005807485640     -0.872475494335E-03    0.0000
    0.005882613408     -0.894657552066E-03    0.0000
    0.005958686166     -0.917388856969E-03    0.0000
    0.006035715802     -0.940682654550E-03    0.0000
    0.006113714352     -0.964552498925E-03    0.0000
    0.006192694003     -0.989012259625E-03    0.0000
    0.006272667095     -0.101407612855E-02    0.0000
    0.006353646125     -0.103975862703E-02    0.0000
    0.006435643746     -0.106607461310E-02    0.0000
    0.006518672770     -0.109303928882E-02    0.0000
    0.006602746170     -0.112066820780E-02    0.0000
    0.006687877084     -0.114897728288E-02    0.0000
    0.006774078813     -0.117798279392E-02    0.0000
    0.006861364826     -0.120770139575E-02    0.0000
    0.006949748762     -0.123815012633E-02    0.0000
    0.007039244431     -0.126934641498E-02    0.0000
    0.007129865816     -0.130130809080E-02    0.0000
    0.007221627079     -0.133405339132E-02    0.0000
    0.007314542556     -0.136760097116E-02    0.0000
    0.007408626766     -0.140196991105E-02    0.0000
    0.007503894410     -0.143717972684E-02    0.0000
    0.007600360373     -0.147325037876E-02    0.0000
    0.007698039729     -0.151020228088E-02    0.0000
    0.007796947739     -0.154805631069E-02    0.0000
    0.007897099860     -0.158683381887E-02    0.0000
    0.007998511738     -0.162655663924E-02    0.0000
    0.008101199222     -0.166724709890E-02    0.0000
    0.008205178354     -0.170892802855E-02    0.0000
    0.008310465384     -0.175162277296E-02    0.0000
    0.008417076761     -0.179535520170E-02    0.0000
    0.008525029144     -0.184014971999E-02    0.0000
    0.008634339401     -0.188603127973E-02    0.0000
    0.008745024611     -0.193302539084E-02    0.0000
    0.008857102071     -0.198115813261E-02    0.0000
    0.008970589291     -0.203045616543E-02    0.0000
    0.009085504004     -0.208094674259E-02    0.0000
    0.009201864167     -0.213265772233E-02    0.0000
    0.009319687961     -0.218561758008E-02    0.0000
    0.009438993795     -0.223985542093E-02    0.0000
    0.009559800312     -0.229540099225E-02    0.0000
    0.009682126388     -0.235228469658E-02    0.0000
    0.009805991136     -0.241053760466E-02    0.0000
    0.009931413912     -0.247019146873E-02    0.0000
    0.010058414311     -0.253127873601E-02    0.0000
    0.010187012179     -0.259383256237E-02    0.0000
    0.010317227609     -0.265788682627E-02    0.0000
    0.010449080948     -0.272347614283E-02    0.0000
    0.010582592797     -0.279063587821E-02    0.0000
    0.010717784018     -0.285940216414E-02    0.0000
    0.010854675736     -0.292981191266E-02    0.0000
    0.010993289340     -0.300190283111E-02    0.0000
    0.011133646488     -0.307571343733E-02    0.0000
    0.011275769112     -0.315128307505E-02    0.0000
    0.011419679418     -0.322865192951E-02    0.0000
    0.011565399893     -0.330786104330E-02    0.0000
    0.011712953306     -0.338895233242E-02    0.0000
    0.011862362713     -0.347196860254E-02    0.0000
    0.012013651458     -0.355695356545E-02    0.0000
    0.012166843182     -0.364395185580E-02    0.0000
    0.012321961820     -0.373300904797E-02    0.0000
    0.012479031611     -0.382417167318E-02    0.0000
    0.012638077096     -0.391748723681E-02    0.0000
    0.012799123128     -0.401300423595E-02    0.0000
    0.012962194869     -0.411077217710E-02    0.0000
    0.013127317799     -0.421084159410E-02    0.0000
    0.013294517721     -0.431326406630E-02    0.0000
    0.013463820759     -0.441809223682E-02    0.0000
    0.013635253367     -0.452537983113E-02    0.0000
    0.013808842332     -0.463518167573E-02    0.0000
    0.013984614777     -0.474755371703E-02    0.0000
    0.014162598167     -0.486255304045E-02    0.0000
    0.014342820313     -0.498023788964E-02    0.0000
    0.014525309374     -0.510066768593E-02    0.0000
    0.014710093865     -0.522390304788E-02    0.0000
    0.014897202659     -0.535000581107E-02    0.0000
    0.015086664991     -0.547903904796E-02    0.0000
    0.015278510467     -0.561106708794E-02    0.0000
    0.015472769061     -0.574615553754E-02    0.0000
    0.015669471128     -0.588437130073E-02    0.0000
    0.015868647402     -0.602578259936E-02    0.0000
    0.016070329005     -0.617045899370E-02    0.0000
    0.016274547451     -0.631847140316E-02    0.0000
    0.016481334648     -0.646989212699E-02    0.0000
    0.016690722909     -0.662479486515E-02    0.0000
    0.016902744949     -0.678325473924E-02    0.0000
    0.017117433898     -0.694534831346E-02    0.0000
    0.017334823302     -0.711115361570E-02    0.0000
    0.017554947127     -0.728075015854E-02    0.0000
    0.017777839770     -0.745421896044E-02    0.0000
    0.018003536057     -0.763164256678E-02    0.0000
    0.018232071254     -0.781310507103E-02    0.0000
    0.018463481070     -0.799869213582E-02    0.0000
    0.018697801662     -0.818849101400E-02    0.0000
    0.018935069646     -0.838259056967E-02    0.0000
    0.019175322092     -0.858108129909E-02    0.0000
    0.019418596543     -0.878405535156E-02    0.0000
    0.019664931010     -0.899160655016E-02    0.0000
    0.019914363982     -0.920383041236E-02    0.0000
    0.020166934436     -0.942082417050E-02    0.0000
    0.020422681834     -0.964268679207E-02    0.0000
    0.020681646139     -0.986951899983E-02    0.0000
    0.020943867813     -0.101014232917E-01    0.0000
    0.021209387831     -0.103385039604E-01    0.0000
    0.021478247679     -0.105808671128E-01    0.0000
    0.021750489367     -0.108286206890E-01    0.0000
    0.022026155435     -0.110818744811E-01    0.0000
    0.022305288954     -0.113407401516E-01    0.0000
    0.022587933542     -0.116053312513E-01    0.0000
    0.022874133360     -0.118757632371E-01    0.0000
    0.023163933129     -0.121521534888E-01    0.0000
    0.023457378130     -0.124346213261E-01    0.0000
    0.023754514215     -0.127232880246E-01    0.0000
    0.024055387812     -0.130182768314E-01    0.0000
    0.024360045933     -0.133197129798E-01    0.0000
    0.024668536181     -0.136277237041E-01    0.0000
    0.024980906759     -0.139424382529E-01    0.0000
    0.025297206475     -0.142639879021E-01    0.0000
    0.025617484752     -0.145925059673E-01    0.0000
    0.025941791633     -0.149281278149E-01    0.0000
    0.026270177793     -0.152709908725E-01    0.0000
    0.026602694543     -0.156212346391E-01    0.0000
    0.026939393838     -0.159790006931E-01    0.0000
    0.027280328288     -0.163444327000E-01    0.0000
    0.027625551167     -0.167176764196E-01    0.0000
    0.027975116414     -0.170988797105E-01    0.0000
    0.028329078651     -0.174881925351E-01    0.0000
    0.028687493185     -0.178857669626E-01    0.0000
    0.029050416019     -0.182917571703E-01    0.0000
    0.029417903860     -0.187063194444E-01    0.0000
    0.029790014129     -0.191296121787E-01    0.0000
    0.030166804969     -0.195617958726E-01    0.0000
    0.030548335255     -0.200030331262E-01    0.0000
    0.030934664600     -0.204534886356E-01    0.0000
    0.031325853371     -0.209133291847E-01    0.0000
    0.031721962690     -0.213827236364E-01    0.0000
    0.032123054452     -0.218618429216E-01    0.0000
    0.032529191327     -0.223508600265E-01    0.0000
    0.032940436774     -0.228499499770E-01    0.0000
    0.033356855053     -0.233592898226E-01    0.0000
    0.033778511229     -0.238790586165E-01    0.0000
    0.034205471186     -0.244094373946E-01    0.0000
    0.034637801639     -0.249506091515E-01    0.0000
    0.035075570139     -0.255027588146E-01    0.0000
    0.035518845089     -0.260660732150E-01    0.0000
    0.035967695752     -0.266407410566E-01    0.0000
    0.036422192261     -0.272269528819E-01    0.0000
    0.036882405632     -0.278249010348E-01    0.0000
    0.037348407775     -0.284347796216E-01    0.0000
    0.037820271504     -0.290567844675E-01    0.0000
    0.038298070547     -0.296911130713E-01    0.0000
    0.038781879562     -0.303379645558E-01    0.0000
    0.039271774146     -0.309975396159E-01    0.0000
    0.039767830845     -0.316700404624E-01    0.0000
    0.040270127169     -0.323556707625E-01    0.0000
    0.040778741603     -0.330546355772E-01    0.0000
    0.041293753619     -0.337671412939E-01    0.0000
    0.041815243689     -0.344933955563E-01    0.0000
    0.042343293296     -0.352336071888E-01    0.0000
    0.042877984950     -0.359879861184E-01    0.0000
    0.043419402197     -0.367567432913E-01    0.0000
    0.043967629634     -0.375400905852E-01    0.0000
    0.044522752924     -0.383382407175E-01    0.0000
    0.045084858805     -0.391514071484E-01    0.0000
    0.045654035108     -0.399798039798E-01    0.0000
    0.046230370767     -0.408236458489E-01    0.0000
    0.046813955836     -0.416831478168E-01    0.0000
    0.047404881502     -0.425585252520E-01    0.0000
    0.048003240098     -0.434499937090E-01    0.0000
    0.048609125118     -0.443577688007E-01    0.0000
    0.049222631234     -0.452820660661E-01    0.0000
    0.049843854306     -0.462231008318E-01    0.0000
    0.050472891403     -0.471810880677E-01    0.0000
    0.051109840813     -0.481562422373E-01    0.0000
    0.051754802060     -0.491487771410E-01    0.0000
    0.052407875920     -0.501589057542E-01    0.0000
    0.053069164439     -0.511868400583E-01    0.0000
    0.053738770943     -0.522327908658E-01    0.0000
    0.054416800060     -0.532969676381E-01    0.0000
    0.055103357734     -0.543795782974E-01    0.0000
    0.055798551240     -0.554808290312E-01    0.0000
    0.056502489203     -0.566009240901E-01    0.0000
    0.057215281617     -0.577400655781E-01    0.0000
    0.057937039855     -0.588984532362E-01    0.0000
    0.058667876694     -0.600762842183E-01    0.0000
    0.059407906329     -0.612737528598E-01    0.0000
    0.060157244391     -0.624910504386E-01    0.0000
    0.060916007965     -0.637283649285E-01    0.0000
    0.061684315610     -0.649858807446E-01    0.0000
    0.062462287376     -0.662637784809E-01    0.0000
    0.063250044822     -0.675622346401E-01    0.0000
    0.064047711036     -0.688814213555E-01    0.0000
    0.064855410657     -0.702215061037E-01    0.0000
    0.065673269888     -0.715826514108E-01    0.0000
    0.066501416522     -0.729650145485E-01    0.0000
    0.067339979958     -0.743687472232E-01    0.0000
    0.068189091223     -0.757939952559E-01    0.0000
    0.069048882994     -0.772408982540E-01    0.0000
    0.069919489613     -0.787095892741E-01    0.0000
    0.070801047116     -0.802001944773E-01    0.0000
    0.071693693247     -0.817128327744E-01    0.0000
    0.072597567484     -0.832476154636E-01    0.0000
    0.073512811060     -0.848046458597E-01    0.0000
    0.074439566982     -0.863840189137E-01    0.0000
    0.075377980059     -0.879858208247E-01    0.0000
    0.076328196920     -0.896101286428E-01    0.0000
    0.077290366037     -0.912570098640E-01    0.0000
    0.078264637751     -0.929265220157E-01    0.0000
    0.079251164296     -0.946187122350E-01    0.0000
    0.080250099816     -0.963336168372E-01    0.0000
    0.081261600399     -0.980712608779E-01    0.0000
    0.082285824093     -0.998316577050E-01    0.0000
    0.083322930934     -0.101614808504E+00    0.0000
    0.084373082974     -0.103420701836E+00    0.0000
    0.085436444301     -0.105249313166E+00    0.0000
    0.086513181066     -0.107100604384E+00    0.0000
    0.087603461513     -0.108974523320E+00    0.0000
    0.088707455999     -0.110871003255E+00    0.0000
    0.089825337027     -0.112789962415E+00    0.0000
    0.090957279266     -0.114731303470E+00    0.0000
    0.092103459587     -0.116694913018E+00    0.0000
    0.093264057081     -0.118680661067E+00    0.0000
    0.094439253094     -0.120688400515E+00    0.0000
    0.095629231254     -0.122717966613E+00    0.0000
    0.096834177496     -0.124769176434E+00    0.0000
    0.098054280096     -0.126841828334E+00    0.0000
    0.099289729698     -0.128935701405E+00    0.0000
    0.100540719342     -0.131050554933E+00    0.0000
    0.101807444499     -0.133186127839E+00    0.0000
    0.103090103097     -0.135342138134E+00    0.0000
    0.104388895554     -0.137518282359E+00    0.0000
    0.105704024809     -0.139714235028E+00    0.0000
    0.107035696354     -0.141929648069E+00    0.0000
    0.108384118265     -0.144164150271E+00    0.0000
    0.109749501235     -0.146417346718E+00    0.0000
    0.111132058609     -0.148688818243E+00    0.0000
    0.112532006413     -0.150978120865E+00    0.0000
    0.113949563394     -0.153284785246E+00    0.0000
    0.115384951046     -0.155608316139E+00    0.0000
    0.116838393652     -0.157948191851E+00    0.0000
    0.118310118316     -0.160303863707E+00    0.0000
    0.119800354997     -0.162674755524E+00    0.0000
    0.121309336548     -0.165060263091E+00    0.0000
    0.122837298750     -0.167459753666E+00    0.0000
    0.124384480350     -0.169872565473E+00    0.0000
    0.125951123100     -0.172298007227E+00    0.0000
    0.127537471789     -0.174735357658E+00    0.0000
    0.129143774289     -0.177183865062E+00    0.0000
    0.130770281586     -0.179642746866E+00    0.0000
    0.132417247827     -0.182111189208E+00    0.0000
    0.134084930353     -0.184588346541E+00    0.0000
    0.135773589743     -0.187073341256E+00    0.0000
    0.137483489853     -0.189565263332E+00    0.0000
    0.139214897858     -0.192063169998E+00    0.0000
    0.140968084296     -0.194566085429E+00    0.0000
    0.142743323104     -0.197073000459E+00    0.0000
    0.144540891667     -0.199582872317E+00    0.0000
    0.146361070860     -0.202094624389E+00    0.0000
    0.148204145088     -0.204607145996E+00    0.0000
    0.150070402336     -0.207119292188E+00    0.0000
    0.151960134210     -0.209629883563E+00    0.0000
    0.153873635985     -0.212137706087E+00    0.0000
    0.155811206650     -0.214641510925E+00    0.0000
    0.157773148953     -0.217140014284E+00    0.0000
    0.159759769453     -0.219631897241E+00    0.0000
    0.161771378562     -0.222115805574E+00    0.0000
    0.163808290599     -0.224590349580E+00    0.0000
    0.165870823835     -0.227054103875E+00    0.0000
    0.167959300545     -0.229505607176E+00    0.0000
    0.170074047059     -0.231943362064E+00    0.0000
    0.172215393809     -0.234365834717E+00    0.0000
    0.174383675386     -0.236771454628E+00    0.0000
    0.176579230587     -0.239158614296E+00    0.0000
    0.178802402473     -0.241525668913E+00    0.0000
    0.181053538419     -0.243870936031E+00    0.0000
    0.183332990169     -0.246192695241E+00    0.0000
    0.185641113893     -0.248489187871E+00    0.0000
    0.187978270239     -0.250758616705E+00    0.0000
    0.190344824392     -0.252999145757E+00    0.0000
    0.192741146133     -0.255208900110E+00    0.0000
    0.195167609890     -0.257385965841E+00    0.0000
    0.197624594805     -0.259528390044E+00    0.0000
    0.200112484785     -0.261634180985E+00    0.0000
    0.202631668568     -0.263701308390E+00    0.0000
    0.205182539783     -0.265727703890E+00    0.0000
    0.207765497007     -0.267711261629E+00    0.0000
    0.210380943834     -0.269649839047E+00    0.0000
    0.213029288932     -0.271541257833E+00    0.0000
    0.215710946111     -0.273383305055E+00    0.0000
    0.218426334384     -0.275173734445E+00    0.0000
    0.221175878037     -0.276910267844E+00    0.0000
    0.223960006692     -0.278590596772E+00    0.0000
    0.226779155374     -0.280212384121E+00    0.0000
    0.229633764582     -0.281773265936E+00    0.0000
    0.232524280352     -0.283270853281E+00    0.0000
    0.235451154336     -0.284702734150E+00    0.0000
    0.238414843862     -0.286066475430E+00    0.0000
    0.241415812013     -0.287359624893E+00    0.0000
    0.244454527696     -0.288579713201E+00    0.0000
    0.247531465718     -0.289724255936E+00    0.0000
    0.250647106855     -0.290790755642E+00    0.0000
    0.253801937933     -0.291776703885E+00    0.0000
    0.256996451901     -0.292679583324E+00    0.0000
    0.260231147909     -0.293496869821E+00    0.0000
    0.263506531383     -0.294226034563E+00    0.0000
    0.266823114110     -0.294864546230E+00    0.0000
    0.270181414311     -0.295409873197E+00    0.0000
    0.273581956729     -0.295859485775E+00    0.0000
    0.277025272705     -0.296210858502E+00    0.0000
    0.280511900264     -0.296461472477E+00    0.0000
    0.284042384199     -0.296608817743E+00    0.0000
    0.287617276156     -0.296650395717E+00    0.0000
    0.291237134717     -0.296583721663E+00    0.0000
    0.294902525494     -0.296406327212E+00    0.0000
    0.298614021211     -0.296115762919E+00    0.0000
    0.302372201797     -0.295709600867E+00    0.0000
    0.306177654475     -0.295185437290E+00    0.0000
    0.310030973856     -0.294540895245E+00    0.0000
    0.313932762028     -0.293773627299E+00    0.0000
    0.317883628653     -0.292881318246E+00    0.0000
    0.321884191062     -0.291861687845E+00    0.0000
    0.325935074352     -0.290712493572E+00    0.0000
    0.330036911481     -0.289431533391E+00    0.0000
    0.334190343370     -0.288016648529E+00    0.0000
    0.338396019000     -0.286465726274E+00    0.0000
    0.342654595518     -0.284776702760E+00    0.0000
    0.346966738334     -0.282947565773E+00    0.0000
    0.351333121229     -0.280976357547E+00    0.0000
    0.355754426460     -0.278861177564E+00    0.0000
    0.360231344864     -0.276600185353E+00    0.0000
    0.364764575970     -0.274191603280E+00    0.0000
    0.369354828104     -0.271633719337E+00    0.0000
    0.374002818501     -0.268924889916E+00    0.0000
    0.378709273421     -0.266063542583E+00    0.0000
    0.383474928255     -0.263048178830E+00    0.0000
    0.388300527648     -0.259877376824E+00    0.0000
    0.393186825609     -0.256549794135E+00    0.0000
    0.398134585633     -0.253064170453E+00    0.0000
    0.403144580816     -0.249419330279E+00    0.0000
    0.408217593980     -0.245614185608E+00    0.0000
    0.413354417795     -0.241647738583E+00    0.0000
    0.418555854900     -0.237519084126E+00    0.0000
    0.423822718028     -0.233227412545E+00    0.0000
    0.429155830140     -0.228772012121E+00    0.0000
    0.434556024544     -0.224152271648E+00    0.0000
    0.440024145031     -0.219367682961E+00    0.0000
    0.445561046007     -0.214417843416E+00    0.0000
    0.451167592623     -0.209302458334E+00    0.0000
    0.456844660915     -0.204021343409E+00    0.0000
    0.462593137935     -0.198574427067E+00    0.0000
    0.468413921894     -0.192961752779E+00    0.0000
    0.474307922303     -0.187183481323E+00    0.0000
    0.480276060110     -0.181239892983E+00    0.0000
    0.486319267849     -0.175131389695E+00    0.0000
    0.492438489784     -0.168858497120E+00    0.0000
    0.498634682055     -0.162421866649E+00    0.0000
    0.504908812831     -0.155822277325E+00    0.0000
    0.511261862456     -0.149060637688E+00    0.0000
    0.517694823609     -0.142137987520E+00    0.0000
    0.524208701451     -0.135055499499E+00    0.0000
    0.530804513791     -0.127814480746E+00    0.0000
    0.537483291236     -0.120416374255E+00    0.0000
    0.544246077359     -0.112862760208E+00    0.0000
    0.551093928861     -0.105155357155E+00    0.0000
    0.558027915730     -0.972960230632E-01    0.0000
    0.565049121417     -0.892867562194E-01    0.0000
    0.572158643000     -0.811296959756E-01    0.0000
    0.579357591356     -0.728271233399E-01    0.0000
    0.586647091334     -0.643814613974E-01    0.0000
    0.594028281935     -0.557952755575E-01    0.0000
    0.601502316484     -0.470712736228E-01    0.0000
    0.609070362814     -0.382123056728E-01    0.0000
    0.616733603449     -0.292213637608E-01    0.0000
    0.624493235784     -0.201015814212E-01    0.0000
    0.632350472279     -0.108562329868E-01    0.0000
    0.640306540642     -0.148873271750E-02    0.0000
    0.648362684026      0.799736625700E-02    0.0000
    0.656520161218      0.175983731748E-01    0.0000
    0.664780246843      0.273104610535E-01    0.0000
    0.673144231554      0.371296682674E-01    0.0000
    0.681613422241      0.470519002794E-01    0.0000
    0.690189142233      0.570729315180E-01    0.0000
    0.698872731503      0.671884073857E-01    0.0000
    0.707665546881      0.773938463889E-01    0.0000
    0.716568962260      0.876846423782E-01    0.0000
    0.725584368818      0.980560668897E-01    0.0000
    0.734713175231      0.108503271585E+00    0.0000
    0.743956807893      0.119021290787E+00    0.0000
    0.753316711140      0.129605044122E+00    0.0000
    0.762794347477      0.140249339282E+00    0.0000
    0.772391197803      0.150948874935E+00    0.0000
    0.782108761646      0.161698243824E+00    0.0000
    0.791948557395      0.172491936114E+00    0.0000
    0.801912122538      0.183324343061E+00    0.0000
    0.812001013902      0.194189761102E+00    0.0000
    0.822216807897      0.205082396488E+00    0.0000
    0.832561100762      0.215996370612E+00    0.0000
    0.843035508814      0.226925726213E+00    0.0000
    0.853641668699      0.237864434653E+00    0.0000
    0.864381237653      0.248806404517E+00    0.0000
    0.875255893754      0.259745491762E+00    0.0000
    0.886267336190      0.270675511686E+00    0.0000
    0.897417285522      0.281590252921E+00    0.0000
    0.908707483950      0.292483493606E+00    0.0000
    0.920139695593      0.303349019757E+00    0.0000
    0.931715706755      0.314180645616E+00    0.0000
    0.943437326213      0.324972235467E+00    0.0000
    0.955306385494      0.335717725918E+00    0.0000
    0.967324739161      0.346411147146E+00    0.0000
    0.979494265107      0.357046640921E+00    0.0000
    0.991816864846      0.367618472679E+00    0.0000
    1.004294463809      0.378121034425E+00    0.0000
    1.016929011645      0.388548835243E+00    0.0000
    1.029722482530      0.398896476638E+00    0.0000
    1.042676875467      0.409158611292E+00    0.0000
    1.055794214609      0.419329885833E+00    0.0000
    1.069076549565      0.429404870942E+00    0.0000
    1.082525955728      0.439377985007E+00    0.0000
    1.096144534595      0.449243419901E+00    0.0000
    1.109934414096      0.458995078687E+00    0.0000
    1.123897748927      0.468626534459E+00    0.0000
    1.138036720890      0.478131016994E+00    0.0000
    1.152353539226      0.487501429801E+00    0.0000
    1.166850440968      0.496730395393E+00    0.0000
    1.181529691286      0.505810322316E+00    0.0000
    1.196393583842      0.514733484816E+00    0.0000
    1.211444441151      0.523492105342E+00    0.0000
    1.226684614939      0.532078431461E+00    0.0000
    1.242116486515      0.540484801365E+00    0.0000
    1.257742467139      0.548703695157E+00    0.0000
    1.273564998404      0.556727771762E+00    0.0000
    1.289586552611      0.564549893166E+00    0.0000
    1.305809633161      0.572163138642E+00    0.0000
    1.322236774944      0.579560811876E+00    0.0000
    1.338870544734      0.586736443641E+00    0.0000
    1.355713541591      0.593683792164E+00    0.0000
    1.372768397268      0.600396842770E+00    0.0000
    1.390037776620      0.606869807873E+00    0.0000
    1.407524378024      0.613097127938E+00    0.0000
    1.425230933796      0.619073473729E+00    0.0000
    1.443160210622      0.624793749936E+00    0.0000
    1.461315009988      0.630253100103E+00    0.0000
    1.479698168618      0.635446912697E+00    0.0000
    1.498312558917      0.640370828091E+00    0.0000
    1.517161089423      0.645020746228E+00    0.0000
    1.536246705257      0.649392834699E+00    0.0000
    1.555572388584      0.653483536992E+00    0.0000
    1.575141159083      0.657289580698E+00    0.0000
    1.594956074413      0.660807985450E+00    0.0000
    1.615020230696      0.664036070429E+00    0.0000
    1.635336762996      0.666971461294E+00    0.0000
    1.655908845812      0.669612096403E+00    0.0000
    1.676739693576      0.671956232252E+00    0.0000
    1.697832561149      0.674002448047E+00    0.0000
    1.719190744334      0.675749649392E+00    0.0000
    1.740817580392      0.677197071046E+00    0.0000
    1.762716448559      0.678344278766E+00    0.0000
    1.784890770578      0.679191170232E+00    0.0000
    1.807344011232      0.679737975090E+00    0.0000
    1.830079678886      0.679985254121E+00    0.0000
    1.853101326033      0.679933897597E+00    0.0000
    1.876412549853      0.679585122853E+00    0.0000
    1.900016992773      0.678940471118E+00    0.0000
    1.923918343034      0.678001803656E+00    0.0000
    1.948120335271      0.676771297267E+00    0.0000
    1.972626751094      0.675251439189E+00    0.0000
    1.997441419681      0.673445021448E+00    0.0000
    2.022568218375      0.671355134708E+00    0.0000
    2.048011073288      0.668985161662E+00    0.0000
    2.073773959919      0.666338770002E+00    0.0000
    2.099860903771      0.663419905017E+00    0.0000
    2.126275980983      0.660232781848E+00    0.0000
    2.153023318962      0.656781877452E+00    0.0000
    2.180107097037      0.653071922285E+00    0.0000
    2.207531547101      0.649107891765E+00    0.0000
    2.235300954282      0.644894997510E+00    0.0000
    2.263419657605      0.640438678416E+00    0.0000
    2.291892050675      0.635744591561E+00    0.0000
    2.320722582362      0.630818602984E+00    0.0000
    2.349915757494      0.625666778336E+00    0.0000
    2.379476137565      0.620295373430E+00    0.0000
    2.409408341445      0.614710824702E+00    0.0000
    2.439717046100      0.608919739573E+00    0.0000
    2.470406987328      0.602928886737E+00    0.0000
    2.501482960495      0.596745186369E+00    0.0000
    2.532949821284      0.590375700239E+00    0.0000
    2.564812486457      0.583827621749E+00    0.0000
    2.597075934620      0.577108265863E+00    0.0000
    2.629745207002      0.570225058933E+00    0.0000
    2.662825408243      0.563185528405E+00    0.0000
    2.696321707193      0.555997292387E+00    0.0000
    2.730239337716      0.548668049067E+00    0.0000
    2.764583599510      0.541205565974E+00    0.0000
    2.799359858938      0.533617669046E+00    0.0000
    2.834573549859      0.525912231525E+00    0.0000
    2.870230174485      0.518097162629E+00    0.0000
    2.906335304236      0.510180396041E+00    0.0000
    2.942894580613      0.502169878173E+00    0.0000
    2.979913716075      0.494073556236E+00    0.0000
    3.017398494939      0.485899366120E+00    0.0000
    3.055354774277      0.477655220102E+00    0.0000
    3.093788484836      0.469348994411E+00    0.0000
    3.132705631960      0.460988516689E+00    0.0000
    3.172112296534      0.452581553388E+00    0.0000
    3.212014635928      0.444135797166E+00    0.0000
    3.252418884965      0.435658854325E+00    0.0000
    3.293331356890      0.427158232387E+00    0.0000
    3.334758444361      0.418641327852E+00    0.0000
    3.376706620444      0.410115414245E+00    0.0000
    3.419182439627      0.401587630511E+00    0.0000
    3.462192538844      0.393064969856E+00    0.0000
    3.505743638509      0.384554269092E+00    0.0000
    3.549842543571      0.376062198672E+00    0.0000
    3.594496144573      0.367595253271E+00    0.0000
    3.639711418731      0.359159743209E+00    0.0000
    3.685495431025      0.350761786656E+00    0.0000
    3.731855335298      0.342407302707E+00    0.0000
    3.778798375380      0.334102005364E+00    0.0000
    3.826331886218      0.325851398446E+00    0.0000
    3.874463295018      0.317660771470E+00    0.0000
    3.923200122411      0.309535196488E+00    0.0000
    3.972549983626      0.301479525890E+00    0.0000
    4.022520589679      0.293498391155E+00    0.0000
    4.073119748578      0.285596202516E+00    0.0000
    4.124355366546      0.277777149523E+00    0.0000
    4.176235449251      0.270045202426E+00    0.0000
    4.228768103063      0.262404114358E+00    0.0000
    4.281961536315      0.254857424230E+00    0.0000
    4.335824060589      0.247408460275E+00    0.0000
    4.390364092015      0.240060344180E+00    0.0000
    4.445590152583      0.232815995707E+00    0.0000
    4.501510871478      0.225678137736E+00    0.0000
    4.558134986425      0.218649301638E+00    0.0000
    4.615471345059      0.211731832895E+00    0.0000
    4.673528906301      0.204927896887E+00    0.0000
    4.732316741763      0.198239484755E+00    0.0000
    4.791844037165      0.191668419267E+00    0.0000
    4.852120093768      0.185216360598E+00    0.0000
    4.913154329828      0.178884811972E+00    0.0000
    4.974956282068      0.172675125078E+00    0.0000
    5.037535607170      0.166588505221E+00    0.0000
    5.100902083280      0.160626016134E+00    0.0000
    5.165065611539      0.154788584441E+00    0.0000
    5.230036217629      0.149077003707E+00    0.0000
    5.295824053339      0.143491938077E+00    0.0000
    5.362439398153      0.138033925483E+00    0.0000
    5.429892660853      0.132703380422E+00    0.0000
    5.498194381149      0.127500596319E+00    0.0000
    5.567355231324      0.122425747494E+00    0.0000
    5.637386017902      0.117478890773E+00    0.0000
    5.708297683335      0.112659966774E+00    0.0000
    5.780101307715      0.107968800926E+00    0.0000
    5.852808110505      0.103405104272E+00    0.0000
    5.926429452291      0.989684741226E-01    0.0000
    6.000976836556      0.946583946169E-01    0.0000
    6.076461911482      0.904742372576E-01    0.0000
    6.152896471765      0.864152614897E-01    0.0000
    6.230292460461      0.824806153800E-01    0.0000
    6.308661970850      0.786693364574E-01    0.0000
    6.388017248327      0.749803527704E-01    0.0000
    6.468370692317      0.714124842058E-01    0.0000
    6.549734858208      0.679644441120E-01    0.0000
    6.632122459317      0.646348412588E-01    0.0000
    6.715546368874      0.614221821584E-01    0.0000
    6.800019622035      0.583248737646E-01    0.0000
    6.885555417917      0.553412265585E-01    0.0000
    6.972167121663      0.524694580211E-01    0.0000
    7.059868266526      0.497076964870E-01    0.0000
    7.148672555991      0.470539853637E-01    0.0000
    7.238593865908      0.445062876993E-01    0.0000
    7.329646246663      0.420624910715E-01    0.0000
    7.421843925378      0.397204127700E-01    0.0000
    7.515201308126      0.374778052381E-01    0.0000
    7.609732982189      0.353323617389E-01    0.0000
    7.705453718334      0.332817222064E-01    0.0000
    7.802378473120      0.313234792444E-01    0.0000
    7.900522391236      0.294551842320E-01    0.0000
    7.999900807871      0.276743534962E-01    0.0000
    8.100529251104      0.259784745131E-01    0.0000
    8.202423444333      0.243650120998E-01    0.0000
    8.305599308735      0.228314145595E-01    0.0000
    8.410072965746      0.213751197462E-01    0.0000
    8.515860739590      0.199935610169E-01    0.0000
    8.622979159821      0.186841730403E-01    0.0000
    8.731444963909      0.174443974346E-01    0.0000
    8.841275099859      0.162716882108E-01    0.0000
    8.952486728851      0.151635169978E-01    0.0000
    9.065097227929      0.141173780307E-01    0.0000
    9.179124192712      0.131307928852E-01    0.0000
    9.294585440147      0.122013149449E-01    0.0000
    9.411499011287      0.113265335888E-01    0.0000
    9.529883174116      0.105040780907E-01    0.0000
    9.649756426400      0.973162122442E-02    0.0000
    9.771137498580      0.900688256939E-02    0.0000
    9.894045356693      0.832763151587E-02    0.0000
   10.018499205344      0.769168996859E-02    0.0000
   10.144518490700      0.709693475112E-02    0.0000
   10.272122903529      0.654129971434E-02    0.0000
   10.401332382281      0.602277755404E-02    0.0000
   10.532167116201      0.553942134406E-02    0.0000
   10.664647548481      0.508934579288E-02    0.0000
   10.798794379458      0.467072823236E-02    0.0000
   10.934628569848      0.428180934861E-02    0.0000
   11.072171344020      0.392089366570E-02    0.0000
   11.211444193311      0.358634979363E-02    0.0000
   11.352468879388      0.327661045270E-02    0.0000
   11.495267437645      0.299017228677E-02    0.0000
   11.639862180647      0.272559547830E-02    0.0000
   11.786275701617      0.248150317852E-02    0.0000
   11.934530877965      0.225658076582E-02    0.0000
   12.084650874865      0.204957494611E-02    0.0000
   12.236659148871      0.185929270824E-02    0.0000
   12.390579451585      0.168460014807E-02    0.0000
   12.546435833368      0.152442117422E-02    0.0000
   12.704252647097      0.137773610842E-02    0.0000
   12.864054551969      0.124358019319E-02    0.0000
   13.025866517358      0.112104201899E-02    0.0000
   13.189713826713      0.100926188292E-02    0.0000
   13.355622081508      0.907430090257E-03    0.0000
   13.523617205246      0.814785209923E-03    0.0000
   13.693725447507      0.730612294294E-03    0.0000
   13.865973388050      0.654241073361E-03    0.0000
   14.040387940967      0.585044132594E-03    0.0000
   14.216996358885      0.522435083356E-03    0.0000
   14.395826237229      0.465866734126E-03    0.0000
   14.576905518533      0.414829270185E-03    0.0000
   14.760262496801      0.368848448862E-03    0.0000
   14.945925821935      0.327483816808E-03    0.0000
   15.133924504207      0.290326955233E-03    0.0000
   15.324287918793      0.256999758417E-03    0.0000
   15.517045810366      0.227152750274E-03    0.0000
   15.712228297736      0.200463443184E-03    0.0000
   15.909865878566      0.176634742772E-03    0.0000
   16.109989434128      0.155393401795E-03    0.0000
   16.312630234136      0.136488525819E-03    0.0000
   16.517819941628      0.119690132794E-03    0.0000
   16.725590617911      0.104787768501E-03    0.0000
   16.935974727578      0.915891790060E-04    0.0000
   17.149005143573      0.799190391551E-04    0.0000
   17.364715152333      0.696177474961E-04    0.0000
   17.583138458984      0.605402717063E-04    0.0000
   17.804309192614      0.525549948982E-04    0.0000
   18.028261911598      0.455428905127E-04    0.0000
   18.255031609006      0.393961888432E-04    0.0000
   18.484653718064      0.340177822936E-04    0.0000
   18.717164117693      0.293201547274E-04    0.0000
   18.952599138116      0.252246354238E-04    0.0000
   19.190995566535      0.216606618657E-04    0.0000
   19.432390652876      0.185650622578E-04    0.0000
   19.676822115613      0.158813899063E-04    0.0000
   19.924328147659      0.135593052071E-04    0.0000
   20.174947422335      0.115540031278E-04    0.0000
   20.428719099413      0.982568403199E-05    0.0000
   20.685682831233      0.833906567797E-05    0.0000
   20.945878768901      0.706293421755E-05    0.0000
   21.209347568563      0.596973203033E-05    0.0000
   21.476130397753      0.503518024979E-05    0.0000
   21.746268941833      0.423793386928E-05    0.0000
   22.019805410498      0.355926735842E-05    0.0000
   22.296782544379      0.298278877122E-05    0.0000
   22.577243621717      0.249418038589E-05    0.0000
   22.861232465125      0.208096398198E-05    0.0000
   23.148793448437      0.173228893137E-05    0.0000
   23.439971503643      0.143874135513E-05    0.0000
   23.734812127907      0.119217267772E-05    0.0000
   24.033361390675      0.985545991667E-06    0.0000
   24.335665940877      0.812798729513E-06    0.0000
   24.641773014214      0.668720224356E-06    0.0000
   24.951730440540      0.548842825217E-06    0.0000
   25.265586651332      0.449345317551E-06    0.0000
   25.583390687262      0.366967482508E-06    0.0000
   25.905192205858      0.298934710037E-06    0.0000
   26.231041489261      0.242891660300E-06    0.0000
   26.560989452085      0.196844044713E-06    0.0000
   26.895087649371      0.159107671915E-06    0.0000
   27.233388284640      0.128263974730E-06    0.0000
   27.575944218057      0.103121301652E-06    0.0000
   27.922808974682      0.826813202377E-07    0.0000
   28.274036752839      0.661099400261E-07    0.0000
   28.629682432584      0.527122191575E-07    0.0000
   28.989801584277      0.419107716205E-07    0.0000
   29.354450477268      0.332272411833E-07    0.0000
   29.723686088689      0.262664535015E-07    0.0000
   30.097566112356      0.207028997900E-07    0.0000
   30.476148967782      0.162692438940E-07    0.0000
   30.859493809310      0.127465797278E-07    0.0000
   31.247660535349      0.995619802538E-08    0.0000
   31.640709797742      0.775265032086E-08    0.0000
   32.038703011236      0.601792422908E-08    0.0000
   32.441702363078      0.465656759775E-08    0.0000
   32.849770822739      0.359162014147E-08    0.0000
   33.262972151744      0.276122992128E-08    0.0000
   33.681370913644      0.211584868317E-08    0.0000
   34.105032484094      0.161591479121E-08    0.0000
   34.534023061078      0.122994545483E-08    0.0000
   34.968409675246      0.932971320074E-09    0.0000
   35.408260200390      0.705256425422E-09    0.0000
   35.853643364049      0.531255162267E-09    0.0000
   36.304628758250      0.398765363939E-09    0.0000
   36.761286850377      0.298243104713E-09    0.0000
   37.223688994187      0.222250338306E-09    0.0000
   37.691907440955      0.165011252818E-09    0.0000
   38.166015350766      0.122057264383E-09    0.0000
   38.646086803946      0.899440044695E-10    0.0000
   39.132196812635      0.660265563011E-10    0.0000
   39.624421332513      0.482816364414E-10    0.0000
   40.122837274660      0.351674623599E-10    0.0000
   40.627522517583      0.255137526705E-10    0.0000
   41.138555919378      0.184357237027E-10    0.0000
   41.656017330052      0.132671179712E-10    0.0000
   42.179987604005      0.950826508628E-11    0.0000
   42.710548612658      0.678596673208E-11    0.0000
   43.247783257247      0.482264298716E-11    0.0000
   43.791775481779      0.341270184715E-11    0.0000
   44.342610286146      0.240451810815E-11    0.0000
   44.900373739406      0.168674938941E-11    0.0000
   45.465152993235      0.117799086109E-11    0.0000
   46.037036295539      0.818988648789E-12    0.0000
   46.616113004247      0.566805297742E-12    0.0000
   47.202473601275      0.390467716022E-12    0.0000
   47.796209706658      0.267735789831E-12    0.0000
   48.397414092870      0.182714217206E-12    0.0000
   49.006180699320      0.124095806760E-12    0.0000
   49.622604647029      0.838754093503E-13    0.0000
   50.246782253492      0.564129216048E-13    0.0000
   50.878811047732      0.377539347132E-13    0.0000
   51.518789785532      0.251396086014E-13    0.0000
   52.166818464872      0.166548266764E-13    0.0000
   52.822998341552      0.109768912538E-13    0.0000
   53.487431945013      0.719694593550E-14    0.0000
   54.160223094358      0.469373337707E-14    0.0000
   54.841476914571      0.304481716159E-14    0.0000
   55.531299852949      0.196448012451E-14    0.0000
   56.229799695728      0.126051590348E-14    0.0000
   56.937085584932      0.804328761669E-15    0.0000
   57.653268035418      0.510356220043E-15    0.0000
   58.378458952151      0.321986295625E-15    0.0000
   59.112771647689      0.201973687298E-15    0.0000
   59.856320859883      0.125954749827E-15    0.0000
   60.609222769810      0.780845692815E-16    0.0000
   61.371595019927      0.481188248696E-16    0.0000
   62.143556732447      0.294735049502E-16    0.0000
   62.925228527960      0.179425031526E-16    0.0000
   63.716732544273      0.108551515187E-16    0.0000
   64.518192455500      0.652615129675E-17    0.0000
   65.329733491382      0.389864051790E-17    0.0000
   66.151482456857      0.231403598042E-17    0.0000
   66.983567751872      0.136456295650E-17    0.0000
   67.826119391449      0.799372002710E-18    0.0000
   68.679269025994      0.465158696741E-18    0.0000
   69.543149961875      0.268852958951E-18    0.0000
   70.417897182245      0.154331368671E-18    0.0000
   71.303647368136      0.879798453816E-19    0.0000
   72.200538919817      0.498041245625E-19    0.0000
   73.108711978419      0.279939208258E-19    0.0000
   74.028308447829      0.156221668424E-19    0.0000
   74.959472016866      0.865486710025E-20    0.0000
   75.902348181732      0.475974015461E-20    0.0000
   76.857084268747      0.259819395296E-20    0.0000
   77.823829457367      0.140762446412E-20    0.0000
   78.802734803494      0.756815564461E-21    0.0000
   79.793953263080      0.403777465615E-21    0.0000
   80.797639716027      0.213748615830E-21    0.0000
   81.813950990383      0.112262283308E-21    0.0000
   82.843045886855      0.584916079245E-22    0.0000
   83.885085203612      0.302302594076E-22    0.0000
   84.940231761418      0.154966565832E-22    0.0000
   86.008650429071      0.787845160258E-23    0.0000
   87.090508149159      0.397199860175E-23    0.0000
   88.185973964153      0.198564226949E-23    0.0000
   89.295219042816      0.984180446328E-24    0.0000
   90.418416706947      0.483602012910E-24    0.0000
   91.555742458468      0.235558467145E-24    0.0000
   92.707374006839      0.113727102827E-24    0.0000
   93.873491296835      0.544178077192E-25    0.0000
   95.054276536653      0.258039916379E-25    0.0000
   96.249914226390      0.121243461936E-25    0.0000
   97.460591186868      0.564432477246E-26    0.0000
   98.686496588825      0.260318098002E-26    0.0000
   99.927821982473      0.118930094403E-26    0.0000
  101.184761327432      0.538183706298E-27    0.0000
  102.457511023030      0.241199777352E-27    0.0000
  103.746269938999      0.107049939829E-27    0.0000
  105.051239446539      0.470452267890E-28    0.0000
  106.372623449792      0.204702566741E-28    0.0000
  107.710628417696      0.881778404632E-29    0.0000
  109.065463416250      0.375975988914E-29    0.0000
  110.437340141179      0.158691697680E-29    0.0000
  111.826472951012      0.663190650289E-30    0.0000
  113.233078900578      0.273710997121E-30    0.0000
  114.657377774917      0.110798337573E-30    0.0000
  116.099592123625      0.443439056600E-31    0.0000
  117.559947295631      0.175441445780E-31    0.0000
  119.038671474399      0.686064723746E-32    0.0000
