    0.0000020786              0.00000           0.00000           0.00000
    0.0000041833              0.00000           0.00000           0.00000
    0.0000063145              0.00000           0.00000           0.00000
    0.0000084726              0.00000           0.00000           0.00000
    0.0000106577              0.00000           0.00000           0.00000
    0.0000128704              0.00001           0.00000           0.00001
    0.0000151108              0.00001           0.00000           0.00001
    0.0000173795              0.00001           0.00000           0.00001
    0.0000196767              0.00001           0.00000           0.00001
    0.0000220028              0.00001           0.00000           0.00001
    0.0000243582              0.00002           0.00000           0.00002
    0.0000267431              0.00002           0.00000           0.00002
    0.0000291581              0.00003           0.00000           0.00003
    0.0000316035              0.00003           0.00000           0.00003
    0.0000340796              0.00003           0.00000           0.00003
    0.0000365868              0.00004           0.00000           0.00004
    0.0000391256              0.00005           0.00000           0.00005
    0.0000416964              0.00005           0.00000           0.00005
    0.0000442994              0.00006           0.00000           0.00006
    0.0000469352              0.00007           0.00000           0.00007
    0.0000496042              0.00007           0.00000           0.00007
    0.0000523067              0.00008           0.00000           0.00008
    0.0000550433              0.00009           0.00000           0.00009
    0.0000578142              0.00010           0.00000           0.00010
    0.0000606200              0.00011           0.00000           0.00011
    0.0000634611              0.00012           0.00000           0.00012
    0.0000663380              0.00013           0.00000           0.00013
    0.0000692510              0.00014           0.00000           0.00014
    0.0000722006              0.00016           0.00000           0.00015
    0.0000751874              0.00017           0.00000           0.00017
    0.0000782117              0.00018           0.00000           0.00018
    0.0000812741              0.00020           0.00000           0.00020
    0.0000843750              0.00021           0.00000           0.00021
    0.0000875149              0.00023           0.00000           0.00023
    0.0000906943              0.00024           0.00000           0.00024
    0.0000939137              0.00026           0.00000           0.00026
    0.0000971736              0.00028           0.00000           0.00028
    0.0001004744              0.00030           0.00000           0.00030
    0.0001038168              0.00032           0.00000           0.00032
    0.0001072013              0.00034           0.00000           0.00034
    0.0001106283              0.00036           0.00000           0.00036
    0.0001140984              0.00039           0.00000           0.00038
    0.0001176122              0.00041           0.00000           0.00041
    0.0001211702              0.00043           0.00000           0.00043
    0.0001247729              0.00046           0.00000           0.00046
    0.0001284209              0.00049           0.00000           0.00049
    0.0001321149              0.00052           0.00000           0.00051
    0.0001358553              0.00055           0.00000           0.00054
    0.0001396427              0.00058           0.00000           0.00057
    0.0001434778              0.00061           0.00000           0.00060
    0.0001473611              0.00064           0.00000           0.00064
    0.0001512933              0.00068           0.00000           0.00067
    0.0001552749              0.00071           0.00000           0.00071
    0.0001593066              0.00075           0.00000           0.00074
    0.0001633890              0.00079           0.00000           0.00078
    0.0001675228              0.00083           0.00000           0.00082
    0.0001717086              0.00087           0.00000           0.00086
    0.0001759470              0.00091           0.00000           0.00091
    0.0001802387              0.00096           0.00000           0.00095
    0.0001845844              0.00100           0.00000           0.00100
    0.0001889848              0.00105           0.00000           0.00104
    0.0001934405              0.00110           0.00000           0.00109
    0.0001979523              0.00115           0.00000           0.00114
    0.0002025208              0.00120           0.00000           0.00120
    0.0002071468              0.00126           0.00000           0.00125
    0.0002118310              0.00132           0.00000           0.00131
    0.0002165741              0.00138           0.00000           0.00137
    0.0002213768              0.00144           0.00000           0.00143
    0.0002262400              0.00150           0.00000           0.00149
    0.0002311643              0.00157           0.00000           0.00156
    0.0002361506              0.00163           0.00000           0.00162
    0.0002411996              0.00170           0.00000           0.00169
    0.0002463121              0.00177           0.00000           0.00176
    0.0002514890              0.00185           0.00000           0.00184
    0.0002567309              0.00193           0.00000           0.00192
    0.0002620388              0.00201           0.00000           0.00199
    0.0002674134              0.00209           0.00000           0.00208
    0.0002728556              0.00217           0.00000           0.00216
    0.0002783663              0.00226           0.00000           0.00225
    0.0002839463              0.00235           0.00000           0.00234
    0.0002895965              0.00245           0.00000           0.00243
    0.0002953178              0.00254           0.00000           0.00253
    0.0003011110              0.00264           0.00000           0.00263
    0.0003069771              0.00274           0.00000           0.00273
    0.0003129170              0.00285           0.00000           0.00283
    0.0003189316              0.00296           0.00000           0.00294
    0.0003250219              0.00307           0.00000           0.00305
    0.0003311887              0.00319           0.00000           0.00317
    0.0003374332              0.00331           0.00000           0.00329
    0.0003437561              0.00343           0.00000           0.00341
    0.0003501586              0.00356           0.00000           0.00354
    0.0003566417              0.00369           0.00000           0.00367
    0.0003632063              0.00383           0.00000           0.00380
    0.0003698534              0.00397           0.00000           0.00394
    0.0003765842              0.00411           0.00000           0.00409
    0.0003833997              0.00426           0.00000           0.00423
    0.0003903008              0.00441           0.00000           0.00439
    0.0003972888              0.00457           0.00000           0.00454
    0.0004043647              0.00473           0.00000           0.00470
    0.0004115295              0.00490           0.00000           0.00487
    0.0004187845              0.00507           0.00000           0.00504
    0.0004261308              0.00525           0.00000           0.00522
    0.0004335694              0.00543           0.00000           0.00540
    0.0004411017              0.00562           0.00000           0.00559
    0.0004487286              0.00581           0.00000           0.00578
    0.0004564515              0.00601           0.00000           0.00598
    0.0004642716              0.00622           0.00000           0.00618
    0.0004721900              0.00643           0.00000           0.00639
    0.0004802080              0.00664           0.00000           0.00661
    0.0004883269              0.00687           0.00000           0.00683
    0.0004965478              0.00710           0.00000           0.00706
    0.0005048722              0.00734           0.00000           0.00729
    0.0005133013              0.00758           0.00000           0.00753
    0.0005218365              0.00783           0.00000           0.00778
    0.0005304790              0.00809           0.00000           0.00804
    0.0005392301              0.00835           0.00000           0.00830
    0.0005480914              0.00862           0.00000           0.00857
    0.0005570642              0.00891           0.00000           0.00885
    0.0005661497              0.00919           0.00000           0.00914
    0.0005753496              0.00949           0.00000           0.00943
    0.0005846652              0.00980           0.00000           0.00974
    0.0005940980              0.01011           0.00000           0.01005
    0.0006036494              0.01043           0.00000           0.01037
    0.0006133210              0.01076           0.00000           0.01070
    0.0006231142              0.01111           0.00000           0.01104
    0.0006330306              0.01146           0.00000           0.01139
    0.0006430717              0.01182           0.00000           0.01175
    0.0006532392              0.01219           0.00000           0.01211
    0.0006635345              0.01257           0.00000           0.01249
    0.0006739593              0.01296           0.00000           0.01288
    0.0006845153              0.01336           0.00000           0.01328
    0.0006952040              0.01378           0.00000           0.01369
    0.0007060272              0.01420           0.00000           0.01412
    0.0007169865              0.01464           0.00000           0.01455
    0.0007280837              0.01509           0.00000           0.01500
    0.0007393205              0.01555           0.00000           0.01545
    0.0007506986              0.01602           0.00000           0.01592
    0.0007622198              0.01651           0.00000           0.01641
    0.0007738859              0.01701           0.00000           0.01691
    0.0007856988              0.01752           0.00000           0.01742
    0.0007976602              0.01805           0.00000           0.01794
    0.0008097722              0.01859           0.00000           0.01848
    0.0008220364              0.01915           0.00000           0.01903
    0.0008344550              0.01972           0.00000           0.01960
    0.0008470297              0.02031           0.00000           0.02019
    0.0008597626              0.02091           0.00000           0.02079
    0.0008726557              0.02153           0.00000           0.02140
    0.0008857110              0.02217           0.00000           0.02203
    0.0008989304              0.02282           0.00000           0.02268
    0.0009123162              0.02349           0.00000           0.02335
    0.0009258703              0.02418           0.00000           0.02404
    0.0009395949              0.02489           0.00000           0.02474
    0.0009534921              0.02561           0.00000           0.02546
    0.0009675642              0.02636           0.00000           0.02620
    0.0009818132              0.02713           0.00000           0.02696
    0.0009962415              0.02791           0.00000           0.02774
    0.0010108513              0.02872           0.00000           0.02855
    0.0010256448              0.02955           0.00000           0.02937
    0.0010406244              0.03040           0.00000           0.03022
    0.0010557924              0.03127           0.00000           0.03108
    0.0010711513              0.03217           0.00000           0.03197
    0.0010867033              0.03309           0.00000           0.03289
    0.0011024509              0.03403           0.00000           0.03383
    0.0011183966              0.03500           0.00000           0.03479
    0.0011345429              0.03599           0.00000           0.03578
    0.0011508923              0.03701           0.00000           0.03679
    0.0011674473              0.03806           0.00000           0.03783
    0.0011842106              0.03913           0.00000           0.03890
    0.0012011847              0.04024           0.00000           0.04000
    0.0012183724              0.04137           0.00000           0.04112
    0.0012357762              0.04253           0.00000           0.04227
    0.0012533990              0.04372           0.00000           0.04346
    0.0012712434              0.04494           0.00000           0.04467
    0.0012893122              0.04620           0.00000           0.04592
    0.0013076084              0.04748           0.00001           0.04720
    0.0013261346              0.04880           0.00001           0.04851
    0.0013448940              0.05015           0.00001           0.04985
    0.0013638892              0.05154           0.00001           0.05123
    0.0013831234              0.05297           0.00001           0.05265
    0.0014025996              0.05443           0.00001           0.05410
    0.0014223207              0.05593           0.00001           0.05559
    0.0014422899              0.05746           0.00001           0.05712
    0.0014625102              0.05904           0.00001           0.05869
    0.0014829850              0.06066           0.00001           0.06030
    0.0015037172              0.06232           0.00001           0.06194
    0.0015247102              0.06402           0.00001           0.06363
    0.0015459673              0.06576           0.00001           0.06537
    0.0015674918              0.06755           0.00001           0.06715
    0.0015892870              0.06939           0.00001           0.06897
    0.0016113563              0.07127           0.00001           0.07084
    0.0016337033              0.07320           0.00001           0.07276
    0.0016563314              0.07517           0.00001           0.07472
    0.0016792440              0.07720           0.00001           0.07674
    0.0017024449              0.07928           0.00001           0.07881
    0.0017259376              0.08141           0.00001           0.08093
    0.0017497258              0.08360           0.00001           0.08310
    0.0017738133              0.08584           0.00001           0.08533
    0.0017982037              0.08814           0.00001           0.08761
    0.0018229009              0.09049           0.00001           0.08995
    0.0018479087              0.09291           0.00001           0.09235
    0.0018732312              0.09538           0.00001           0.09481
    0.0018988721              0.09792           0.00001           0.09734
    0.0019248356              0.10052           0.00001           0.09992
    0.0019511256              0.10319           0.00001           0.10257
    0.0019777463              0.10592           0.00001           0.10529
    0.0020047019              0.10872           0.00001           0.10807
    0.0020319966              0.11159           0.00001           0.11093
    0.0020596345              0.11454           0.00001           0.11385
    0.0020876201              0.11755           0.00001           0.11685
    0.0021159577              0.12064           0.00001           0.11992
    0.0021446518              0.12381           0.00001           0.12307
    0.0021737068              0.12706           0.00001           0.12630
    0.0022031273              0.13038           0.00001           0.12960
    0.0022329178              0.13379           0.00002           0.13299
    0.0022630830              0.13728           0.00002           0.13646
    0.0022936277              0.14086           0.00002           0.14002
    0.0023245566              0.14453           0.00002           0.14366
    0.0023558745              0.14828           0.00002           0.14740
    0.0023875863              0.15213           0.00002           0.15122
    0.0024196970              0.15608           0.00002           0.15515
    0.0024522117              0.16012           0.00002           0.15916
    0.0024851353              0.16426           0.00002           0.16328
    0.0025184730              0.16850           0.00002           0.16749
    0.0025522301              0.17284           0.00002           0.17181
    0.0025864118              0.17729           0.00002           0.17623
    0.0026210235              0.18185           0.00002           0.18076
    0.0026560705              0.18652           0.00002           0.18541
    0.0026915583              0.19130           0.00002           0.19016
    0.0027274925              0.19620           0.00002           0.19503
    0.0027638788              0.20122           0.00002           0.20002
    0.0028007227              0.20636           0.00002           0.20512
    0.0028380300              0.21162           0.00002           0.21036
    0.0028758066              0.21701           0.00003           0.21571
    0.0029140584              0.22253           0.00003           0.22120
    0.0029527913              0.22818           0.00003           0.22682
    0.0029920115              0.23397           0.00003           0.23257
    0.0030317249              0.23990           0.00003           0.23847
    0.0030719379              0.24597           0.00003           0.24450
    0.0031126568              0.25218           0.00003           0.25068
    0.0031538877              0.25855           0.00003           0.25700
    0.0031956374              0.26506           0.00003           0.26348
    0.0032379121              0.27173           0.00003           0.27011
    0.0032807186              0.27856           0.00003           0.27690
    0.0033240636              0.28555           0.00003           0.28385
    0.0033679537              0.29271           0.00004           0.29096
    0.0034123960              0.30004           0.00004           0.29825
    0.0034573972              0.30754           0.00004           0.30571
    0.0035029645              0.31522           0.00004           0.31334
    0.0035491050              0.32308           0.00004           0.32115
    0.0035958258              0.33112           0.00004           0.32915
    0.0036431343              0.33936           0.00004           0.33733
    0.0036910379              0.34778           0.00004           0.34571
    0.0037395440              0.35641           0.00004           0.35428
    0.0037886603              0.36523           0.00005           0.36306
    0.0038383944              0.37427           0.00005           0.37204
    0.0038887540              0.38351           0.00005           0.38122
    0.0039397471              0.39297           0.00005           0.39063
    0.0039913816              0.40265           0.00005           0.40025
    0.0040436656              0.41255           0.00005           0.41010
    0.0040966073              0.42269           0.00005           0.42017
    0.0041502148              0.43306           0.00006           0.43048
    0.0042044967              0.44366           0.00006           0.44102
    0.0042594614              0.45452           0.00006           0.45181
    0.0043151174              0.46562           0.00006           0.46285
    0.0043714735              0.47698           0.00006           0.47414
    0.0044285384              0.48860           0.00006           0.48569
    0.0044863212              0.50048           0.00007           0.49750
    0.0045448307              0.51264           0.00007           0.50959
    0.0046040762              0.52508           0.00007           0.52195
    0.0046640670              0.53779           0.00007           0.53459
    0.0047248123              0.55080           0.00007           0.54752
    0.0047863217              0.56410           0.00008           0.56075
    0.0048486048              0.57771           0.00008           0.57427
    0.0049116714              0.59162           0.00008           0.58810
    0.0049755312              0.60585           0.00008           0.60224
    0.0050401943              0.62039           0.00009           0.61670
    0.0051056707              0.63527           0.00009           0.63149
    0.0051719707              0.65047           0.00009           0.64661
    0.0052391047              0.66602           0.00009           0.66206
    0.0053070831              0.68192           0.00010           0.67786
    0.0053759166              0.69817           0.00010           0.69402
    0.0054456159              0.71478           0.00010           0.71053
    0.0055161919              0.73176           0.00011           0.72741
    0.0055876556              0.74911           0.00011           0.74467
    0.0056600183              0.76685           0.00011           0.76230
    0.0057332911              0.78499           0.00012           0.78033
    0.0058074856              0.80352           0.00012           0.79875
    0.0058826134              0.82245           0.00012           0.81758
    0.0059586862              0.84181           0.00013           0.83681
    0.0060357158              0.86158           0.00013           0.85647
    0.0061137144              0.88179           0.00013           0.87656
    0.0061926940              0.90243           0.00014           0.89709
    0.0062726671              0.92353           0.00014           0.91806
    0.0063536461              0.94508           0.00015           0.93948
    0.0064356437              0.96710           0.00015           0.96137
    0.0065186728              0.98959           0.00016           0.98373
    0.0066027462              1.01256           0.00016           1.00657
    0.0066878771              1.03603           0.00017           1.02990
    0.0067740788              1.05999           0.00017           1.05372
    0.0068613648              1.08447           0.00018           1.07806
    0.0069497488              1.10947           0.00018           1.10291
    0.0070392444              1.13500           0.00019           1.12829
    0.0071298658              1.16107           0.00020           1.15421
    0.0072216271              1.18768           0.00020           1.18067
    0.0073145426              1.21486           0.00021           1.20769
    0.0074086268              1.24260           0.00022           1.23527
    0.0075038944              1.27093           0.00022           1.26343
    0.0076003604              1.29985           0.00023           1.29218
    0.0076980397              1.32936           0.00024           1.32152
    0.0077969477              1.35949           0.00025           1.35147
    0.0078970999              1.39023           0.00025           1.38204
    0.0079985117              1.42162           0.00026           1.41324
    0.0081011992              1.45364           0.00027           1.44508
    0.0082051784              1.48632           0.00028           1.47757
    0.0083104654              1.51966           0.00029           1.51072
    0.0084170768              1.55368           0.00030           1.54454
    0.0085250291              1.58839           0.00031           1.57905
    0.0086343394              1.62379           0.00032           1.61425
    0.0087450246              1.65991           0.00033           1.65016
    0.0088571021              1.69675           0.00034           1.68679
    0.0089705893              1.73432           0.00035           1.72415
    0.0090855040              1.77264           0.00037           1.76225
    0.0092018642              1.81172           0.00038           1.80111
    0.0093196880              1.85157           0.00039           1.84073
    0.0094389938              1.89220           0.00041           1.88112
    0.0095598003              1.93362           0.00042           1.92231
    0.0096821264              1.97585           0.00044           1.96430
    0.0098059911              2.01890           0.00045           2.00710
    0.0099314139              2.06278           0.00047           2.05073
    0.0100584143              2.10750           0.00048           2.09520
    0.0101870122              2.15308           0.00050           2.14052
    0.0103172276              2.19952           0.00052           2.18670
    0.0104490809              2.24685           0.00054           2.23376
    0.0105825928              2.29506           0.00056           2.28171
    0.0107177840              2.34419           0.00058           2.33055
    0.0108546757              2.39423           0.00060           2.38031
    0.0109932893              2.44520           0.00062           2.43100
    0.0111336465              2.49711           0.00064           2.48263
    0.0112757691              2.54998           0.00067           2.53520
    0.0114196794              2.60382           0.00069           2.58874
    0.0115653999              2.65864           0.00072           2.64325
    0.0117129533              2.71445           0.00074           2.69876
    0.0118623627              2.77127           0.00077           2.75526
    0.0120136515              2.82911           0.00080           2.81278
    0.0121668432              2.88797           0.00083           2.87132
    0.0123219618              2.94788           0.00086           2.93090
    0.0124790316              3.00884           0.00089           2.99153
    0.0126380771              3.07087           0.00093           3.05322
    0.0127991231              3.13398           0.00096           3.11598
    0.0129621949              3.19818           0.00100           3.17983
    0.0131273178              3.26348           0.00104           3.24477
    0.0132945177              3.32989           0.00108           3.31083
    0.0134638208              3.39743           0.00112           3.37800
    0.0136352534              3.46610           0.00116           3.44631
    0.0138088423              3.53592           0.00121           3.51575
    0.0139846148              3.60690           0.00125           3.58635
    0.0141625982              3.67904           0.00130           3.65812
    0.0143428203              3.75237           0.00135           3.73105
    0.0145253094              3.82688           0.00140           3.80517
    0.0147100939              3.90259           0.00146           3.88049
    0.0148972027              3.97951           0.00152           3.95700
    0.0150866650              4.05764           0.00158           4.03473
    0.0152785105              4.13700           0.00164           4.11368
    0.0154727691              4.21760           0.00170           4.19386
    0.0156694711              4.29943           0.00177           4.27528
    0.0158686474              4.38252           0.00184           4.35794
    0.0160703290              4.46686           0.00192           4.44186
    0.0162745475              4.55247           0.00199           4.52703
    0.0164813346              4.63935           0.00207           4.61348
    0.0166907229              4.72751           0.00216           4.70119
    0.0169027449              4.81694           0.00224           4.79019
    0.0171174339              4.90767           0.00234           4.88046
    0.0173348233              4.99968           0.00243           4.97203
    0.0175549471              5.09299           0.00253           5.06488
    0.0177778398              5.18760           0.00263           5.15903
    0.0180035361              5.28350           0.00274           5.25448
    0.0182320713              5.38072           0.00285           5.35123
    0.0184634811              5.47923           0.00297           5.44928
    0.0186978017              5.57905           0.00309           5.54863
    0.0189350696              5.68017           0.00322           5.64929
    0.0191753221              5.78260           0.00335           5.75124
    0.0194185965              5.88633           0.00349           5.85450
    0.0196649310              5.99135           0.00363           5.95905
    0.0199143640              6.09768           0.00378           6.06490
    0.0201669344              6.20529           0.00394           6.17204
    0.0204226818              6.31419           0.00410           6.28047
    0.0206816461              6.42437           0.00427           6.39018
    0.0209438678              6.53583           0.00445           6.50116
    0.0212093878              6.64855           0.00463           6.61341
    0.0214782477              6.76253           0.00483           6.72692
    0.0217504894              6.87775           0.00503           6.84167
    0.0220261554              6.99421           0.00524           6.95766
    0.0223052890              7.11189           0.00546           7.07488
    0.0225879335              7.23078           0.00569           7.19331
    0.0228741334              7.35086           0.00593           7.31294
    0.0231639331              7.47213           0.00618           7.43375
    0.0234573781              7.59455           0.00644           7.55573
    0.0237545142              7.71812           0.00671           7.67886
    0.0240553878              7.84282           0.00699           7.80313
    0.0243600459              7.96862           0.00728           7.92850
    0.0246685362              8.09550           0.00759           8.05496
    0.0249809068              8.22344           0.00791           8.18248
    0.0252972065              8.35241           0.00825           8.31105
    0.0256174848              8.48238           0.00859           8.44064
    0.0259417916              8.61334           0.00896           8.57121
    0.0262701778              8.74524           0.00934           8.70274
    0.0266026945              8.87806           0.00973           8.83521
    0.0269393938              9.01176           0.01014           8.96857
    0.0272803283              9.14632           0.01057           9.10280
    0.0276255512              9.28169           0.01102           9.23786
    0.0279751164              9.41784           0.01149           9.37371
    0.0283290787              9.55473           0.01198           9.51032
    0.0286874932              9.69232           0.01248           9.64765
    0.0290504160              9.83056           0.01301           9.78565
    0.0294179039              9.96941           0.01356           9.92429
    0.0297900141             10.10883           0.01414          10.06351
    0.0301668050             10.24877           0.01474          10.20328
    0.0305483353             10.38918           0.01536          10.34354
    0.0309346646             10.53000           0.01601          10.48424
    0.0313258534             10.67119           0.01669          10.62534
    0.0317219627             10.81269           0.01740          10.76678
    0.0321230545             10.95444           0.01814          10.90850
    0.0325291913             11.09639           0.01891          11.05045
    0.0329404368             11.23847           0.01971          11.19257
    0.0333568551             11.38062           0.02054          11.33479
    0.0337785112             11.52278           0.02141          11.47707
    0.0342054712             11.66489           0.02231          11.61932
    0.0346378016             11.80687           0.02325          11.76150
    0.0350755701             11.94866           0.02424          11.90352
    0.0355188451             12.09018           0.02526          12.04533
    0.0359676958             12.23137           0.02632          12.18685
    0.0364221923             12.37214           0.02743          12.32800
    0.0368824056             12.51243           0.02858          12.46872
    0.0373484078             12.65214           0.02979          12.60893
    0.0378202715             12.79122           0.03104          12.74854
    0.0382980705             12.92956           0.03234          12.88749
    0.0387818796             13.06709           0.03370          13.02570
    0.0392717741             13.20373           0.03511          13.16307
    0.0397678308             13.33939           0.03658          13.29953
    0.0402701272             13.47398           0.03810          13.43498
    0.0407787416             13.60741           0.03969          13.56936
    0.0412937536             13.73959           0.04135          13.70256
    0.0418152437             13.87043           0.04307          13.83450
    0.0423432933             13.99984           0.04486          13.96509
    0.0428779850             14.12772           0.04672          14.09424
    0.0434194022             14.25398           0.04866          14.22186
    0.0439676296             14.37852           0.05067          14.34784
    0.0445227529             14.50125           0.05277          14.47211
    0.0450848588             14.62206           0.05495          14.59456
    0.0456540351             14.74085           0.05721          14.71510
    0.0462303708             14.85754           0.05956          14.83364
    0.0468139558             14.97201           0.06201          14.95007
    0.0474048815             15.08417           0.06455          15.06431
    0.0480032401             15.19391           0.06719          15.17624
    0.0486091251             15.30114           0.06993          15.28579
    0.0492226312             15.40575           0.07278          15.39284
    0.0498438543             15.50764           0.07575          15.49731
    0.0504728914             15.60672           0.07882          15.59909
    0.0511098408             15.70287           0.08201          15.69809
    0.0517548021             15.79601           0.08533          15.79421
    0.0524078759             15.88602           0.08877          15.88737
    0.0530691644             15.97281           0.09235          15.97745
    0.0537387709             16.05629           0.09605          16.06438
    0.0544168001             16.13635           0.09990          16.14806
    0.0551033577             16.21290           0.10390          16.22839
    0.0557985512             16.28585           0.10804          16.30529
    0.0565024892             16.35510           0.11234          16.37867
    0.0572152816             16.42056           0.11679          16.44845
    0.0579370399             16.48213           0.12142          16.51453
    0.0586678767             16.53975           0.12621          16.57685
    0.0594079063             16.59331           0.13118          16.63531
    0.0601572444             16.64274           0.13633          16.68984
    0.0609160080             16.68795           0.14166          16.74038
    0.0616843156             16.72887           0.14720          16.78684
    0.0624622874             16.76543           0.15292          16.82915
    0.0632500448             16.79756           0.15886          16.86726
    0.0640477110             16.82518           0.16501          16.90111
    0.0648554107             16.84823           0.17137          16.93063
    0.0656732699             16.86666           0.17796          16.95577
    0.0665014165             16.88041           0.18478          16.97648
    0.0673399800             16.88942           0.19184          16.99272
    0.0681890912             16.89366           0.19915          17.00445
    0.0690488830             16.89307           0.20670          17.01163
    0.0699194896             16.88762           0.21452          17.01423
    0.0708010471             16.87728           0.22261          17.01222
    0.0716936932             16.86203           0.23097          17.00559
    0.0725975675             16.84183           0.23961          16.99432
    0.0735128111             16.81668           0.24854          16.97839
    0.0744395670             16.78656           0.25777          16.95781
    0.0753779801             16.75147           0.26731          16.93259
    0.0763281969             16.71142           0.27716          16.90272
    0.0772903660             16.66640           0.28733          16.86822
    0.0782646378             16.61644           0.29784          16.82912
    0.0792511643             16.56156           0.30868          16.78544
    0.0802500998             16.50178           0.31987          16.73721
    0.0812616004             16.43714           0.33142          16.68449
    0.0822858241             16.36768           0.34333          16.62731
    0.0833229309             16.29346           0.35562          16.56574
    0.0843730830             16.21452           0.36829          16.49984
    0.0854364443             16.13094           0.38135          16.42968
    0.0865131811             16.04278           0.39481          16.35533
    0.0876034615             15.95013           0.40868          16.27688
    0.0887074560             15.85306           0.42297          16.19442
    0.0898253370             15.75168           0.43769          16.10806
    0.0909572793             15.64608           0.45284          16.01790
    0.0921034596             15.53638           0.46844          15.92406
    0.0932640571             15.42268           0.48449          15.82665
    0.0944392531             15.30513           0.50100          15.72581
    0.0956292313             15.18384           0.51799          15.62168
    0.0968341775             15.05895           0.53546          15.51440
    0.0980542801             14.93062           0.55342          15.40412
    0.0992897297             14.79900           0.57188          15.29100
    0.1005407193             14.66424           0.59084          15.17521
    0.1018074445             14.52653           0.61032          15.05691
    0.1030901031             14.38602           0.63032          14.93629
    0.1043888956             14.24290           0.65086          14.81354
    0.1057040248             14.09737           0.67193          14.68884
    0.1070356964             13.94961           0.69355          14.56239
    0.1083841183             13.79982           0.71572          14.43440
    0.1097495012             13.64822           0.73846          14.30507
    0.1111320586             13.49501           0.76176          14.17461
    0.1125320064             13.34041           0.78564          14.04326
    0.1139495634             13.18464           0.81010          13.91122
    0.1153849510             13.02793           0.83515          13.77874
    0.1168383937             12.87051           0.86079          13.64603
    0.1183101183             12.71261           0.88703          13.51333
    0.1198003550             12.55447           0.91387          13.38088
    0.1213093365             12.39633           0.94132          13.24892
    0.1228372987             12.23843           0.96938          13.11769
    0.1243844804             12.08102           0.99805          12.98744
    0.1259511231             11.92435           1.02734          12.85841
    0.1275374718             11.76866           1.05724          12.73084
    0.1291437743             11.61420           1.08777          12.60499
    0.1307702816             11.46123           1.11892          12.48109
    0.1324172478             11.30998           1.15068          12.35939
    0.1340849304             11.16071           1.18307          12.24013
    0.1357735897             11.01366           1.21608          12.12355
    0.1374834899             10.86908           1.24971          12.00989
    0.1392148979             10.72720           1.28395          11.89939
    0.1409680843             10.58827           1.31880          11.79228
    0.1427433231             10.45252           1.35426          11.68877
    0.1445408917             10.32018           1.39032          11.58911
    0.1463610709             10.19148           1.42698          11.49349
    0.1482041451             10.06663           1.46422          11.40213
    0.1500704023              9.94585           1.50205          11.31523
    0.1519601342              9.82934           1.54044          11.23299
    0.1538736360              9.71732           1.57940          11.15560
    0.1558112066              9.60996           1.61891          11.08324
    0.1577731490              9.50745           1.65896          11.01607
    0.1597597695              9.40998           1.69953          10.95426
    0.1617713786              9.31769           1.74062          10.89796
    0.1638082906              9.23076           1.78220          10.84731
    0.1658708238              9.14932           1.82426          10.80243
    0.1679593005              9.07351           1.86678          10.76346
    0.1700740471              9.00345           1.90974          10.73048
    0.1722153938              8.93926           1.95313          10.70360
    0.1743836754              8.88103           1.99692          10.68288
    0.1765792306              8.82884           2.04109          10.66841
    0.1788024025              8.78278           2.08561          10.66023
    0.1810535384              8.74290           2.13046          10.65838
    0.1833329902              8.70924           2.17562          10.66288
    0.1856411139              8.68184           2.22105          10.67374
    0.1879782702              8.66071           2.26673          10.69096
    0.1903448244              8.64586           2.31263          10.71451
    0.1927411461              8.63727           2.35871          10.74435
    0.1951676099              8.63491           2.40494          10.78043
    0.1976245948              8.63875           2.45129          10.82268
    0.2001124848              8.64871           2.49771          10.87102
    0.2026316686              8.66474           2.54419          10.92534
    0.2051825398              8.68674           2.59066          10.98552
    0.2077654970              8.71460           2.63711          11.05144
    0.2103809438              8.74820           2.68347          11.12294
    0.2130292889              8.78742           2.72972          11.19985
    0.2157109461              8.83209           2.77580          11.28200
    0.2184263344              8.88206           2.82167          11.36919
    0.2211758780              8.93715           2.86729          11.46120
    0.2239600067              8.99715           2.91261          11.55782
    0.2267791554              9.06188           2.95758          11.65880
    0.2296337646              9.13109           3.00215          11.76389
    0.2325242804              9.20457           3.04626          11.87282
    0.2354511543              9.28207           3.08988          11.98531
    0.2384148439              9.36332           3.13294          12.10108
    0.2414158120              9.44807           3.17539          12.21980
    0.2444545277              9.53602           3.21719          12.34119
    0.2475314657              9.62689           3.25827          12.46490
    0.2506471069              9.72038           3.29858          12.59060
    0.2538019379              9.81619           3.33807          12.71796
    0.2569964519              9.91399           3.37668          12.84663
    0.2602311479             10.01346           3.41436          12.97623
    0.2635065314             10.11428           3.45106          13.10642
    0.2668231141             10.21611           3.48671          13.23682
    0.2701814143             10.31860           3.52126          13.36706
    0.2735819567             10.42141           3.55466          13.49676
    0.2770252727             10.52420           3.58686          13.62555
    0.2805119003             10.62662           3.61780          13.75303
    0.2840423842             10.72831           3.64743          13.87883
    0.2876172762             10.82892           3.67570          14.00257
    0.2912371347             10.92810           3.70256          14.12387
    0.2949025255             11.02551           3.72795          14.24234
    0.2986140212             11.12080           3.75183          14.35762
    0.3023722018             11.21362           3.77415          14.46932
    0.3061776545             11.30363           3.79487          14.57709
    0.3100309739             11.39050           3.81395          14.68057
    0.3139327620             11.47390           3.83133          14.77940
    0.3178836287             11.55351           3.84698          14.87323
    0.3218841911             11.62902           3.86086          14.96174
    0.3259350744             11.70012           3.87294          15.04459
    0.3300369115             11.76652           3.88318          15.12148
    0.3341903434             11.82794           3.89155          15.19209
    0.3383960190             11.88410           3.89802          15.25615
    0.3426545955             11.93474           3.90256          15.31336
    0.3469667383             11.97963           3.90515          15.36347
    0.3513331212             12.01851           3.90576          15.40624
    0.3557544265             12.05118           3.90439          15.44142
    0.3602313449             12.07743           3.90101          15.46880
    0.3647645760             12.09707           3.89561          15.48819
    0.3693548281             12.10993           3.88819          15.49940
    0.3740028185             12.11585           3.87873          15.50226
    0.3787092734             12.11470           3.86723          15.49664
    0.3834749283             12.10636           3.85369          15.48241
    0.3883005276             12.09072           3.83813          15.45946
    0.3931868256             12.06769           3.82053          15.42769
    0.3981345856             12.03722           3.80093          15.38705
    0.4031445808             11.99926           3.77932          15.33749
    0.4082175940             11.95378           3.75573          15.27898
    0.4133544178             11.90076           3.73017          15.21151
    0.4185558549             11.84023           3.70268          15.13510
    0.4238227180             11.77220           3.67328          15.04978
    0.4291558301             11.69673           3.64199          14.95559
    0.4345560245             11.61389           3.60887          14.85263
    0.4400241450             11.52376           3.57394          14.74097
    0.4455610460             11.42645           3.53724          14.62074
    0.4511675926             11.32208           3.49882          14.49205
    0.4568446609             11.21079           3.45873          14.35507
    0.4625931379             11.09273           3.41701          14.20997
    0.4684139219             10.96809           3.37373          14.05692
    0.4743079223             10.83706           3.32893          13.89614
    0.4802760601             10.69984           3.28269          13.72784
    0.4863192678             10.55666           3.23505          13.55227
    0.4924384898             10.40776           3.18608          13.36966
    0.4986346821             10.25338           3.13586          13.18029
    0.5049088128             10.09380           3.08444          12.98445
    0.5112618625              9.92928           3.03191          12.78241
    0.5176948236              9.76013           2.97833          12.57450
    0.5242087015              9.58663           2.92378          12.36102
    0.5308045138              9.40910           2.86834          12.14230
    0.5374832912              9.22786           2.81208          11.91867
    0.5442460774              9.04323           2.75509          11.69049
    0.5510939289              8.85555           2.69744          11.45810
    0.5580279157              8.66516           2.63921          11.22187
    0.5650491214              8.47240           2.58050          10.98215
    0.5721586430              8.27762           2.52138          10.73931
    0.5793575914              8.08116           2.46193          10.49372
    0.5866470913              7.88340           2.40223          10.24576
    0.5940282819              7.68467           2.34238           9.99580
    0.6015023165              7.48533           2.28245           9.74421
    0.6090703628              7.28573           2.22253           9.49136
    0.6167336034              7.08622           2.16270           9.23763
    0.6244932358              6.88715           2.10303           8.98339
    0.6323504723              6.68886           2.04361           8.72899
    0.6403065406              6.49168           1.98452           8.47479
    0.6483626840              6.29595           1.92583           8.22114
    0.6565201612              6.10198           1.86763           7.96840
    0.6647802468              5.91009           1.80997           7.71689
    0.6731442316              5.72057           1.75294           7.46694
    0.6816134222              5.53374           1.69660           7.21887
    0.6901891422              5.34985           1.64102           6.97299
    0.6988727315              5.16920           1.58627           6.72959
    0.7076655469              4.99203           1.53240           6.48895
    0.7165689623              4.81859           1.47948           6.25136
    0.7255843688              4.64911           1.42756           6.01706
    0.7347131752              4.48380           1.37670           5.78631
    0.7439568079              4.32287           1.32694           5.55933
    0.7533167111              4.16651           1.27834           5.33633
    0.7627943475              4.01488           1.23093           5.11753
    0.7723911978              3.86814           1.18475           4.90310
    0.7821087616              3.72642           1.13985           4.69321
    0.7919485574              3.58985           1.09625           4.48803
    0.8019121225              3.45854           1.05398           4.28769
    0.8120010139              3.33256           1.01308           4.09232
    0.8222168079              3.21200           0.97355           3.90203
    0.8325611008              3.09690           0.93543           3.71691
    0.8430355088              2.98732           0.89873           3.53704
    0.8536416687              2.88326           0.86345           3.36249
    0.8643812377              2.78474           0.82961           3.19331
    0.8752558938              2.69175           0.79722           3.02953
    0.8862673362              2.60426           0.76626           2.87117
    0.8974172855              2.52224           0.73675           2.71825
    0.9087074840              2.44563           0.70868           2.57077
    0.9201396956              2.37438           0.68204           2.42871
    0.9317157068              2.30839           0.65682           2.29204
    0.9434373262              2.24759           0.63300           2.16072
    0.9553063855              2.19187           0.61058           2.03471
    0.9673247392              2.14112           0.58953           1.91396
    0.9794942651              2.09521           0.56983           1.79838
    0.9918168648              2.05401           0.55146           1.68791
    1.0042944638              2.01738           0.53440           1.58246
    1.0169290116              1.98518           0.51860           1.48194
    1.0297224825              1.95724           0.50406           1.38624
    1.0426768755              1.93341           0.49073           1.29526
    1.0557942146              1.91350           0.47858           1.20888
    1.0690765496              1.89734           0.46757           1.12697
    1.0825259557              1.88475           0.45767           1.04941
    1.0961445346              1.87552           0.44884           0.97607
    1.1099344141              1.86948           0.44103           0.90680
    1.1238977489              1.86640           0.43420           0.84146
    1.1380367209              1.86608           0.42831           0.77991
    1.1523535392              1.86832           0.42331           0.72200
    1.1668504410              1.87289           0.41916           0.66759
    1.1815296913              1.87958           0.41580           0.61652
    1.1963935838              1.88817           0.41320           0.56867
    1.2114444412              1.89845           0.41129           0.52387
    1.2266846149              1.91021           0.41004           0.48199
    1.2421164865              1.92323           0.40940           0.44289
    1.2577424671              1.93730           0.40931           0.40643
    1.2735649984              1.95223           0.40973           0.37248
    1.2895865526              1.96782           0.41062           0.34092
    1.3058096332              1.98387           0.41192           0.31161
    1.3222367749              2.00021           0.41360           0.28443
    1.3388705447              2.01664           0.41561           0.25927
    1.3557135416              2.03300           0.41790           0.23600
    1.3727683973              2.04912           0.42044           0.21452
    1.3900377766              2.06484           0.42318           0.19471
    1.4075243780              2.08002           0.42608           0.17648
    1.4252309338              2.09450           0.42911           0.15972
    1.4431602106              2.10816           0.43222           0.14435
    1.4613150100              2.12087           0.43539           0.13025
    1.4796981686              2.13251           0.43857           0.11736
    1.4983125589              2.14297           0.44173           0.10558
    1.5171610894              2.15215           0.44484           0.09484
    1.5362467053              2.15996           0.44787           0.08506
    1.5555723886              2.16632           0.45079           0.07616
    1.5751411591              2.17115           0.45357           0.06809
    1.5949560744              2.17438           0.45619           0.06078
    1.6150202307              2.17597           0.45862           0.05416
    1.6353367630              2.17587           0.46085           0.04818
    1.6559088458              2.17404           0.46284           0.04280
    1.6767396936              2.17044           0.46459           0.03795
    1.6978325611              2.16506           0.46607           0.03359
    1.7191907443              2.15789           0.46727           0.02968
    1.7408175804              2.14891           0.46817           0.02618
    1.7627164486              2.13814           0.46877           0.02306
    1.7848907706              2.12559           0.46904           0.02027
    1.8073440112              2.11127           0.46899           0.01778
    1.8300796789              2.09520           0.46861           0.01558
    1.8531013260              2.07742           0.46788           0.01362
    1.8764125499              2.05797           0.46681           0.01188
    1.9000169928              2.03689           0.46539           0.01035
    1.9239183430              2.01423           0.46362           0.00900
    1.9481203353              1.99004           0.46150           0.00781
    1.9726267511              1.96438           0.45903           0.00676
    1.9974414197              1.93731           0.45622           0.00584
    2.0225682184              1.90891           0.45306           0.00504
    2.0480110733              1.87923           0.44957           0.00434
    2.0737739599              1.84836           0.44574           0.00373
    2.0998609038              1.81636           0.44160           0.00320
    2.1262759810              1.78332           0.43713           0.00273
    2.1530233190              1.74931           0.43236           0.00233
    2.1801070970              1.71441           0.42729           0.00199
    2.2075315471              1.67871           0.42193           0.00169
    2.2353009543              1.64229           0.41630           0.00143
    2.2634196576              1.60523           0.41041           0.00121
    2.2918920507              1.56761           0.40426           0.00103
    2.3207225824              1.52951           0.39788           0.00086
    2.3499157575              1.49102           0.39127           0.00073
    2.3794761376              1.45221           0.38445           0.00061
    2.4094083414              1.41316           0.37743           0.00051
    2.4397170461              1.37395           0.37024           0.00043
    2.4704069873              1.33466           0.36288           0.00035
    2.5014829605              1.29535           0.35536           0.00029
    2.5329498213              1.25610           0.34771           0.00024
    2.5648124865              1.21698           0.33994           0.00020
    2.5970759346              1.17805           0.33207           0.00017
    2.6297452070              1.13937           0.32410           0.00014
    2.6628254082              1.10101           0.31606           0.00011
    2.6963217072              1.06302           0.30795           0.00009
    2.7302393377              1.02545           0.29980           0.00008
    2.7645835995              0.98836           0.29162           0.00006
    2.7993598589              0.95180           0.28342           0.00005
    2.8345735499              0.91580           0.27522           0.00004
    2.8702301745              0.88041           0.26702           0.00003
    2.9063353042              0.84566           0.25885           0.00003
    2.9428945806              0.81160           0.25071           0.00002
    2.9799137161              0.77825           0.24262           0.00002
    3.0173984949              0.74564           0.23460           0.00001
    3.0553547743              0.71380           0.22664           0.00001
    3.0937884848              0.68274           0.21876           0.00001
    3.1327056320              0.65248           0.21097           0.00001
    3.1721122965              0.62305           0.20329           0.00001
    3.2120146359              0.59445           0.19572           0.00000
    3.2524188850              0.56669           0.18826           0.00000
    3.2933313569              0.53977           0.18093           0.00000
    3.3347584444              0.51372           0.17373           0.00000
    3.3767066204              0.48852           0.16668           0.00000
    3.4191824396              0.46417           0.15977           0.00000
    3.4621925388              0.44067           0.15301           0.00000
    3.5057436385              0.41803           0.14641           0.00000
    3.5498425436              0.39622           0.13997           0.00000
    3.5944961446              0.37525           0.13370           0.00000
    3.6397114187              0.35510           0.12759           0.00000
    3.6854954310              0.33575           0.12166           0.00000
    3.7318553353              0.31721           0.11589           0.00000
    3.7787983754              0.29944           0.11030           0.00000
    3.8263318862              0.28245           0.10489           0.00000
    3.8744632950              0.26620           0.09965           0.00000
    3.9232001224              0.25068           0.09458           0.00000
    3.9725499836              0.23587           0.08969           0.00000
    4.0225205897              0.22176           0.08498           0.00000
    4.0731197486              0.20833           0.08043           0.00000
    4.1243553665              0.19554           0.07606           0.00000
    4.1762354493              0.18339           0.07186           0.00000
    4.2287681031              0.17186           0.06783           0.00000
    4.2819615363              0.16091           0.06396           0.00000
    4.3358240606              0.15054           0.06025           0.00000
    4.3903640920              0.14071           0.05671           0.00000
    4.4455901526              0.13142           0.05332           0.00000
    4.5015108715              0.12263           0.05008           0.00000
    4.5581349864              0.11433           0.04699           0.00000
    4.6154713451              0.10651           0.04405           0.00000
    4.6735289063              0.09912           0.04124           0.00000
    4.7323167418              0.09217           0.03858           0.00000
    4.7918440372              0.08563           0.03605           0.00000
    4.8521200938              0.07948           0.03365           0.00000
    4.9131543298              0.07370           0.03138           0.00000
    4.9749562821              0.06828           0.02922           0.00000
    5.0375356072              0.06319           0.02719           0.00000
    5.1009020833              0.05843           0.02527           0.00000
    5.1650656115              0.05397           0.02345           0.00000
    5.2300362176              0.04980           0.02175           0.00000
    5.2958240533              0.04591           0.02014           0.00000
    5.3624393982              0.04228           0.01863           0.00000
    5.4298926609              0.03889           0.01721           0.00000
    5.4981943811              0.03574           0.01588           0.00000
    5.5673552313              0.03280           0.01463           0.00000
    5.6373860179              0.03008           0.01347           0.00000
    5.7082976833              0.02755           0.01238           0.00000
    5.7801013077              0.02520           0.01137           0.00000
    5.8528081105              0.02302           0.01042           0.00000
    5.9264294523              0.02101           0.00954           0.00000
    6.0009768366              0.01915           0.00872           0.00000
    6.0764619115              0.01744           0.00797           0.00000
    6.1528964718              0.01586           0.00726           0.00000
    6.2302924605              0.01440           0.00661           0.00000
    6.3086619708              0.01306           0.00601           0.00000
    6.3880172483              0.01183           0.00546           0.00000
    6.4683706923              0.01070           0.00495           0.00000
    6.5497348582              0.00966           0.00448           0.00000
    6.6321224593              0.00872           0.00405           0.00000
    6.7155463689              0.00785           0.00366           0.00000
    6.8000196220              0.00707           0.00330           0.00000
    6.8855554179              0.00635           0.00297           0.00000
    6.9721671217              0.00569           0.00266           0.00000
    7.0598682665              0.00510           0.00239           0.00000
    7.1486725560              0.00456           0.00214           0.00000
    7.2385938659              0.00407           0.00191           0.00000
    7.3296462467              0.00363           0.00171           0.00000
    7.4218439254              0.00323           0.00152           0.00000
    7.5152013081              0.00287           0.00135           0.00000
    7.6097329822              0.00255           0.00120           0.00000
    7.7054537183              0.00226           0.00107           0.00000
    7.8023784731              0.00200           0.00094           0.00000
    7.9005223912              0.00177           0.00083           0.00000
    7.9999008079              0.00156           0.00074           0.00000
    8.1005292511              0.00137           0.00065           0.00000
    8.2024234443              0.00120           0.00057           0.00000
    8.3055993087              0.00106           0.00050           0.00000
    8.4100729657              0.00092           0.00044           0.00000
    8.5158607396              0.00081           0.00038           0.00000
    8.6229791598              0.00071           0.00033           0.00000
    8.7314449639              0.00061           0.00029           0.00000
    8.8412750999              0.00053           0.00025           0.00000
    8.9524867289              0.00046           0.00022           0.00000
    9.0650972279              0.00040           0.00019           0.00000
    9.1791241927              0.00035           0.00016           0.00000
    9.2945854401              0.00030           0.00014           0.00000
    9.4114990113              0.00026           0.00012           0.00000
    9.5298831741              0.00022           0.00011           0.00000
    9.6497564264              0.00019           0.00009           0.00000
    9.7711374986              0.00016           0.00008           0.00000
    9.8940453567              0.00014           0.00007           0.00000
   10.0184992053              0.00012           0.00006           0.00000
   10.1445184907              0.00010           0.00005           0.00000
   10.2721229035              0.00009           0.00004           0.00000
   10.4013323823              0.00007           0.00003           0.00000
   10.5321671162              0.00006           0.00003           0.00000
   10.6646475485              0.00005           0.00002           0.00000
   10.7987943795              0.00004           0.00002           0.00000
   10.9346285698              0.00004           0.00002           0.00000
   11.0721713440              0.00003           0.00001           0.00000
   11.2114441933              0.00003           0.00001           0.00000
   11.3524688794              0.00002           0.00001           0.00000
   11.4952674376              0.00002           0.00001           0.00000
   11.6398621806              0.00001           0.00001           0.00000
   11.7862757016              0.00001           0.00001           0.00000
   11.9345308780              0.00001           0.00000           0.00000
   12.0846508749              0.00001           0.00000           0.00000
   12.2366591489              0.00001           0.00000           0.00000
   12.3905794516              0.00001           0.00000           0.00000
   12.5464358334              0.00000           0.00000           0.00000
   12.7042526471              0.00000           0.00000           0.00000
   12.8640545520              0.00000           0.00000           0.00000
   13.0258665174              0.00000           0.00000           0.00000
   13.1897138267              0.00000           0.00000           0.00000
   13.3556220815              0.00000           0.00000           0.00000
   13.5236172052              0.00000           0.00000           0.00000
   13.6937254475              0.00000           0.00000           0.00000
   13.8659733881              0.00000           0.00000           0.00000
   14.0403879410              0.00000           0.00000           0.00000
   14.2169963589              0.00000           0.00000           0.00000
   14.3958262372              0.00000           0.00000           0.00000
   14.5769055185              0.00000           0.00000           0.00000
   14.7602624968              0.00000           0.00000           0.00000
   14.9459258219              0.00000           0.00000           0.00000
   15.1339245042              0.00000           0.00000           0.00000
   15.3242879188              0.00000           0.00000           0.00000
   15.5170458104              0.00000           0.00000           0.00000
   15.7122282977              0.00000           0.00000           0.00000
   15.9098658786              0.00000           0.00000           0.00000
   16.1099894341              0.00000           0.00000           0.00000
   16.3126302341              0.00000           0.00000           0.00000
   16.5178199416              0.00000           0.00000           0.00000
   16.7255906179              0.00000           0.00000           0.00000
   16.9359747276              0.00000           0.00000           0.00000
   17.1490051436              0.00000           0.00000           0.00000
   17.3647151523              0.00000           0.00000           0.00000
   17.5831384590              0.00000           0.00000           0.00000
   17.8043091926              0.00000           0.00000           0.00000
   18.0282619116              0.00000           0.00000           0.00000
   18.2550316090              0.00000           0.00000           0.00000
   18.4846537181              0.00000           0.00000           0.00000
   18.7171641177              0.00000           0.00000           0.00000
   18.9525991381              0.00000           0.00000           0.00000
   19.1909955665              0.00000           0.00000           0.00000
   19.4323906529              0.00000           0.00000           0.00000
   19.6768221156              0.00000           0.00000           0.00000
   19.9243281477              0.00000           0.00000           0.00000
   20.1749474223              0.00000           0.00000           0.00000
   20.4287190994              0.00000           0.00000           0.00000
   20.6856828312              0.00000           0.00000           0.00000
   20.9458787689              0.00000           0.00000           0.00000
   21.2093475686              0.00000           0.00000           0.00000
   21.4761303978              0.00000           0.00000           0.00000
   21.7462689418              0.00000           0.00000           0.00000
   22.0198054105              0.00000           0.00000           0.00000
   22.2967825444              0.00000           0.00000           0.00000
   22.5772436217              0.00000           0.00000           0.00000
   22.8612324651              0.00000           0.00000           0.00000
   23.1487934484              0.00000           0.00000           0.00000
   23.4399715036              0.00000           0.00000           0.00000
   23.7348121279              0.00000           0.00000           0.00000
   24.0333613907              0.00000           0.00000           0.00000
   24.3356659409              0.00000           0.00000           0.00000
   24.6417730142              0.00000           0.00000           0.00000
   24.9517304405              0.00000           0.00000           0.00000
   25.2655866513              0.00000           0.00000           0.00000
   25.5833906873              0.00000           0.00000           0.00000
   25.9051922059              0.00000           0.00000           0.00000
   26.2310414893              0.00000           0.00000           0.00000
   26.5609894521              0.00000           0.00000           0.00000
   26.8950876494              0.00000           0.00000           0.00000
   27.2333882846              0.00000           0.00000           0.00000
   27.5759442181              0.00000           0.00000           0.00000
   27.9228089747              0.00000           0.00000           0.00000
   28.2740367528              0.00000           0.00000           0.00000
   28.6296824326              0.00000           0.00000           0.00000
   28.9898015843              0.00000           0.00000           0.00000
   29.3544504773              0.00000           0.00000           0.00000
   29.7236860887              0.00000           0.00000           0.00000
   30.0975661124              0.00000           0.00000           0.00000
   30.4761489678              0.00000           0.00000           0.00000
   30.8594938093              0.00000           0.00000           0.00000
   31.2476605353              0.00000           0.00000           0.00000
   31.6407097977              0.00000           0.00000           0.00000
   32.0387030112              0.00000           0.00000           0.00000
   32.4417023631              0.00000           0.00000           0.00000
   32.8497708227              0.00000           0.00000           0.00000
   33.2629721517              0.00000           0.00000           0.00000
   33.6813709136              0.00000           0.00000           0.00000
   34.1050324841              0.00000           0.00000           0.00000
   34.5340230611              0.00000           0.00000           0.00000
   34.9684096752              0.00000           0.00000           0.00000
   35.4082602004              0.00000           0.00000           0.00000
   35.8536433640              0.00000           0.00000           0.00000
   36.3046287583              0.00000           0.00000           0.00000
   36.7612868504              0.00000           0.00000           0.00000
   37.2236889942              0.00000           0.00000           0.00000
   37.6919074410              0.00000           0.00000           0.00000
   38.1660153508              0.00000           0.00000           0.00000
   38.6460868039              0.00000           0.00000           0.00000
   39.1321968126              0.00000           0.00000           0.00000
   39.6244213325              0.00000           0.00000           0.00000
   40.1228372747              0.00000           0.00000           0.00000
   40.6275225176              0.00000           0.00000           0.00000
   41.1385559194              0.00000           0.00000           0.00000
   41.6560173301              0.00000           0.00000           0.00000
   42.1799876040              0.00000           0.00000           0.00000
   42.7105486127              0.00000           0.00000           0.00000
   43.2477832572              0.00000           0.00000           0.00000
   43.7917754818              0.00000           0.00000           0.00000
   44.3426102861              0.00000           0.00000           0.00000
   44.9003737394              0.00000           0.00000           0.00000
   45.4651529932              0.00000           0.00000           0.00000
   46.0370362955              0.00000           0.00000           0.00000
   46.6161130042              0.00000           0.00000           0.00000
   47.2024736013              0.00000           0.00000           0.00000
   47.7962097067              0.00000           0.00000           0.00000
   48.3974140929              0.00000           0.00000           0.00000
   49.0061806993              0.00000           0.00000           0.00000
   49.6226046470              0.00000           0.00000           0.00000
   50.2467822535              0.00000           0.00000           0.00000
   50.8788110477              0.00000           0.00000           0.00000
   51.5187897855              0.00000           0.00000           0.00000
   52.1668184649              0.00000           0.00000           0.00000
   52.8229983416              0.00000           0.00000           0.00000
   53.4874319450              0.00000           0.00000           0.00000
   54.1602230944              0.00000           0.00000           0.00000
   54.8414769146              0.00000           0.00000           0.00000
   55.5312998529              0.00000           0.00000           0.00000
   56.2297996957              0.00000           0.00000           0.00000
   56.9370855849              0.00000           0.00000           0.00000
   57.6532680354              0.00000           0.00000           0.00000
   58.3784589522              0.00000           0.00000           0.00000
   59.1127716477              0.00000           0.00000           0.00000
   59.8563208599              0.00000           0.00000           0.00000
   60.6092227698              0.00000           0.00000           0.00000
   61.3715950199              0.00000           0.00000           0.00000
   62.1435567324              0.00000           0.00000           0.00000
   62.9252285280              0.00000           0.00000           0.00000
   63.7167325443              0.00000           0.00000           0.00000
   64.5181924555              0.00000           0.00000           0.00000
   65.3297334914              0.00000           0.00000           0.00000
   66.1514824569              0.00000           0.00000           0.00000
   66.9835677519              0.00000           0.00000           0.00000
   67.8261193914              0.00000           0.00000           0.00000
   68.6792690260              0.00000           0.00000           0.00000
   69.5431499619              0.00000           0.00000           0.00000
   70.4178971822              0.00000           0.00000           0.00000
   71.3036473681              0.00000           0.00000           0.00000
   72.2005389198              0.00000           0.00000           0.00000
   73.1087119784              0.00000           0.00000           0.00000
   74.0283084478              0.00000           0.00000           0.00000
   74.9594720169              0.00000           0.00000           0.00000
   75.9023481817              0.00000           0.00000           0.00000
   76.8570842687              0.00000           0.00000           0.00000
   77.8238294574              0.00000           0.00000           0.00000
   78.8027348035              0.00000           0.00000           0.00000
   79.7939532631              0.00000           0.00000           0.00000
   80.7976397160              0.00000           0.00000           0.00000
   81.8139509904              0.00000           0.00000           0.00000
   82.8430458869              0.00000           0.00000           0.00000
   83.8850852036              0.00000           0.00000           0.00000
   84.9402317614              0.00000           0.00000           0.00000
   86.0086504291              0.00000           0.00000           0.00000
   87.0905081492              0.00000           0.00000           0.00000
   88.1859739642              0.00000           0.00000           0.00000
   89.2952190428              0.00000           0.00000           0.00000
   90.4184167069              0.00000           0.00000           0.00000
   91.5557424585              0.00000           0.00000           0.00000
   92.7073740068              0.00000           0.00000           0.00000
   93.8734912968              0.00000           0.00000           0.00000
   95.0542765367              0.00000           0.00000           0.00000
   96.2499142264              0.00000           0.00000           0.00000
   97.4605911869              0.00000           0.00000           0.00000
   98.6864965888              0.00000           0.00000           0.00000
   99.9278219825              0.00000           0.00000           0.00000
  101.1847613274              0.00000           0.00000           0.00000
  102.4575110230              0.00000           0.00000           0.00000
  103.7462699390              0.00000           0.00000           0.00000
  105.0512394465              0.00000           0.00000           0.00000
  106.3726234498              0.00000           0.00000           0.00000
  107.7106284177              0.00000           0.00000           0.00000
  109.0654634163              0.00000           0.00000           0.00000
  110.4373401412              0.00000           0.00000           0.00000
  111.8264729510              0.00000           0.00000           0.00000
  113.2330789006              0.00000           0.00000           0.00000
  114.6573777749              0.00000           0.00000           0.00000
  116.0995921236              0.00000           0.00000           0.00000
  117.5599472956              0.00000           0.00000           0.00000
  119.0386714744              0.00000           0.00000           0.00000
