    0.0000020786           2427.43549           0.25245        2412.90104
    0.0000041833           2426.14060           0.25231        2411.61390
    0.0000063145           2425.36874           0.25223        2410.84666
    0.0000084726           2424.81084           0.25217        2410.29210
    0.0000106577           2422.47489           0.25193        2407.97014
    0.0000128704           2419.95626           0.25168        2405.46660
    0.0000151108           2417.53984           0.25143        2403.06466
    0.0000173795           2414.83182           0.25116        2400.37286
    0.0000196767           2412.14116           0.25089        2397.69833
    0.0000220028           2409.51430           0.25063        2395.08720
    0.0000243582           2406.98276           0.25038        2392.57083
    0.0000267431           2404.55453           0.25013        2390.15716
    0.0000291581           2402.23011           0.24990        2387.84667
    0.0000316035           2400.00542           0.24968        2385.63531
    0.0000340796           2397.87440           0.24947        2383.51707
    0.0000365868           2395.83042           0.24927        2381.48534
    0.0000391256           2393.86675           0.24908        2379.53344
    0.0000416964           2391.97699           0.24890        2377.65501
    0.0000442994           2390.15516           0.24872        2375.84411
    0.0000469352           2388.39578           0.24855        2374.09527
    0.0000496042           2386.69382           0.24839        2372.40352
    0.0000523067           2385.04474           0.24823        2370.76434
    0.0000550433           2383.44442           0.24808        2369.17362
    0.0000578142           2381.88913           0.24793        2367.62765
    0.0000606200           2380.37547           0.24779        2366.12307
    0.0000634611           2378.90039           0.24765        2364.65684
    0.0000663380           2377.46109           0.24751        2363.22618
    0.0000692510           2376.05505           0.24738        2361.82857
    0.0000722006           2374.67994           0.24725        2360.46172
    0.0000751874           2373.33366           0.24713        2359.12352
    0.0000782117           2372.01427           0.24701        2357.81204
    0.0000812741           2370.71999           0.24689        2356.52554
    0.0000843750           2369.44920           0.24677        2355.26237
    0.0000875149           2368.20039           0.24666        2354.02106
    0.0000906943           2366.97217           0.24655        2352.80021
    0.0000939137           2365.76326           0.24644        2351.59856
    0.0000971736           2364.57247           0.24633        2350.41492
    0.0001004744           2363.39869           0.24623        2349.24819
    0.0001038168           2362.24089           0.24613        2348.09735
    0.0001072013           2361.09812           0.24602        2346.96144
    0.0001106283           2359.96948           0.24593        2345.83958
    0.0001140984           2358.85413           0.24583        2344.73093
    0.0001176122           2357.75129           0.24573        2343.63471
    0.0001211702           2356.66021           0.24564        2342.55019
    0.0001247729           2355.58022           0.24554        2341.47668
    0.0001284209           2354.51064           0.24545        2340.41354
    0.0001321149           2353.45089           0.24536        2339.36015
    0.0001358553           2352.40036           0.24527        2338.31593
    0.0001396427           2351.35851           0.24518        2337.28035
    0.0001434778           2350.32483           0.24510        2336.25288
    0.0001473611           2349.29881           0.24501        2335.23304
    0.0001512933           2348.28000           0.24493        2334.22035
    0.0001552749           2347.26795           0.24484        2333.21438
    0.0001593066           2346.26223           0.24476        2332.21471
    0.0001633890           2345.26245           0.24468        2331.22094
    0.0001675228           2344.26821           0.24460        2330.23268
    0.0001717086           2343.27915           0.24452        2329.24958
    0.0001759470           2342.29492           0.24444        2328.27127
    0.0001802387           2341.31519           0.24436        2327.29743
    0.0001845844           2340.33962           0.24428        2326.32773
    0.0001889848           2339.36791           0.24421        2325.36187
    0.0001934405           2338.39977           0.24413        2324.39956
    0.0001979523           2337.43491           0.24406        2323.44050
    0.0002025208           2336.47304           0.24398        2322.48443
    0.0002071468           2335.51392           0.24391        2321.53108
    0.0002118310           2334.55728           0.24384        2320.58019
    0.0002165741           2333.60286           0.24376        2319.63153
    0.0002213768           2332.65045           0.24369        2318.68485
    0.0002262400           2331.69980           0.24362        2317.73992
    0.0002311643           2330.75069           0.24355        2316.79653
    0.0002361506           2329.80290           0.24348        2315.85445
    0.0002411996           2328.85622           0.24341        2314.91348
    0.0002463121           2327.91045           0.24334        2313.97341
    0.0002514890           2326.96539           0.24327        2313.03404
    0.0002567309           2326.02085           0.24321        2312.09519
    0.0002620388           2325.07663           0.24314        2311.15666
    0.0002674134           2324.13255           0.24307        2310.21827
    0.0002728556           2323.18843           0.24301        2309.27984
    0.0002783663           2322.24410           0.24294        2308.34121
    0.0002839463           2321.29939           0.24287        2307.40219
    0.0002895965           2320.35412           0.24281        2306.46262
    0.0002953178           2319.40813           0.24274        2305.52234
    0.0003011110           2318.46127           0.24268        2304.58118
    0.0003069771           2317.51336           0.24262        2303.63900
    0.0003129170           2316.56427           0.24255        2302.69563
    0.0003189316           2315.61383           0.24249        2301.75093
    0.0003250219           2314.66190           0.24243        2300.80474
    0.0003311887           2313.70832           0.24237        2299.85692
    0.0003374332           2312.75296           0.24231        2298.90732
    0.0003437561           2311.79567           0.24225        2297.95580
    0.0003501586           2310.83630           0.24219        2297.00223
    0.0003566417           2309.87473           0.24212        2296.04646
    0.0003632063           2308.91080           0.24207        2295.08835
    0.0003698534           2307.94439           0.24201        2294.12778
    0.0003765842           2306.97536           0.24195        2293.16460
    0.0003833997           2306.00358           0.24189        2292.19869
    0.0003903008           2305.02891           0.24183        2291.22991
    0.0003972888           2304.05123           0.24177        2290.25813
    0.0004043647           2303.07040           0.24172        2289.28323
    0.0004115295           2302.08630           0.24166        2288.30508
    0.0004187845           2301.09880           0.24160        2287.32355
    0.0004261308           2300.10777           0.24155        2286.33851
    0.0004335694           2299.11309           0.24149        2285.34984
    0.0004411017           2298.11463           0.24144        2284.35742
    0.0004487286           2297.11227           0.24138        2283.36112
    0.0004564515           2296.10588           0.24133        2282.36082
    0.0004642716           2295.09534           0.24127        2281.35640
    0.0004721900           2294.08054           0.24122        2280.34773
    0.0004802080           2293.06133           0.24117        2279.33469
    0.0004883269           2292.03761           0.24111        2278.31717
    0.0004965478           2291.00926           0.24106        2277.29503
    0.0005048722           2289.97614           0.24101        2276.26817
    0.0005133013           2288.93815           0.24096        2275.23646
    0.0005218365           2287.89515           0.24091        2274.19977
    0.0005304790           2286.84703           0.24086        2273.15800
    0.0005392301           2285.79367           0.24081        2272.11102
    0.0005480914           2284.73494           0.24076        2271.05870
    0.0005570642           2283.67073           0.24071        2270.00094
    0.0005661497           2282.60091           0.24066        2268.93760
    0.0005753496           2281.52537           0.24061        2267.86858
    0.0005846652           2280.44398           0.24056        2266.79374
    0.0005940980           2279.35662           0.24052        2265.71297
    0.0006036494           2278.26317           0.24047        2264.62615
    0.0006133210           2277.16351           0.24042        2263.53316
    0.0006231142           2276.05752           0.24038        2262.43387
    0.0006330306           2274.94507           0.24033        2261.32817
    0.0006430717           2273.82604           0.24029        2260.21593
    0.0006532392           2272.70031           0.24025        2259.09703
    0.0006635345           2271.56775           0.24020        2257.97134
    0.0006739593           2270.42825           0.24016        2256.83875
    0.0006845153           2269.28167           0.24012        2255.69913
    0.0006952040           2268.12790           0.24008        2254.55236
    0.0007060272           2266.96680           0.24004        2253.39831
    0.0007169865           2265.79825           0.24000        2252.23686
    0.0007280837           2264.62213           0.23996        2251.06788
    0.0007393205           2263.43830           0.23992        2249.89124
    0.0007506986           2262.24664           0.23988        2248.70683
    0.0007622198           2261.04703           0.23984        2247.51450
    0.0007738859           2259.83932           0.23981        2246.31413
    0.0007856988           2258.62340           0.23977        2245.10560
    0.0007976602           2257.39913           0.23974        2243.88878
    0.0008097722           2256.16639           0.23970        2242.66353
    0.0008220364           2254.92503           0.23967        2241.42972
    0.0008344550           2253.67493           0.23964        2240.18722
    0.0008470297           2252.41595           0.23960        2238.93590
    0.0008597626           2251.14796           0.23957        2237.67562
    0.0008726557           2249.87082           0.23954        2236.40625
    0.0008857110           2248.58440           0.23951        2235.12766
    0.0008989304           2247.28855           0.23949        2233.83971
    0.0009123162           2245.98315           0.23946        2232.54226
    0.0009258703           2244.66806           0.23943        2231.23517
    0.0009395949           2243.34312           0.23941        2229.91830
    0.0009534921           2242.00821           0.23938        2228.59152
    0.0009675642           2240.66317           0.23936        2227.25468
    0.0009818132           2239.30788           0.23934        2225.90765
    0.0009962415           2237.94218           0.23932        2224.55027
    0.0010108513           2236.56592           0.23930        2223.18241
    0.0010256448           2235.17897           0.23928        2221.80391
    0.0010406244           2233.78117           0.23926        2220.41464
    0.0010557924           2232.37238           0.23925        2219.01444
    0.0010711513           2230.95245           0.23923        2217.60317
    0.0010867033           2229.52122           0.23922        2216.18068
    0.0011024509           2228.07854           0.23921        2214.74681
    0.0011183966           2226.62427           0.23920        2213.30142
    0.0011345429           2225.15825           0.23919        2211.84435
    0.0011508923           2223.68032           0.23918        2210.37544
    0.0011674473           2222.19032           0.23918        2208.89455
    0.0011842106           2220.68810           0.23917        2207.40151
    0.0012011847           2219.17350           0.23917        2205.89617
    0.0012183724           2217.64636           0.23917        2204.37836
    0.0012357762           2216.10651           0.23917        2202.84793
    0.0012533990           2214.55380           0.23917        2201.30472
    0.0012712434           2212.98806           0.23918        2199.74855
    0.0012893122           2211.40912           0.23918        2198.17927
    0.0013076084           2209.81681           0.23919        2196.59671
    0.0013261346           2208.21098           0.23920        2195.00071
    0.0013448940           2206.59144           0.23921        2193.39109
    0.0013638892           2204.95803           0.23923        2191.76768
    0.0013831234           2203.31057           0.23924        2190.13032
    0.0014025996           2201.64889           0.23926        2188.47882
    0.0014223207           2199.97282           0.23928        2186.81302
    0.0014422899           2198.28217           0.23931        2185.13274
    0.0014625102           2196.57678           0.23933        2183.43780
    0.0014829850           2194.85645           0.23936        2181.72803
    0.0015037172           2193.12101           0.23939        2180.00324
    0.0015247102           2191.37027           0.23942        2178.26325
    0.0015459673           2189.60406           0.23946        2176.50787
    0.0015674918           2187.82218           0.23950        2174.73694
    0.0015892870           2186.02445           0.23954        2172.95024
    0.0016113563           2184.21067           0.23958        2171.14761
    0.0016337033           2182.38066           0.23963        2169.32885
    0.0016563314           2180.53423           0.23968        2167.49377
    0.0016792440           2178.67117           0.23973        2165.64217
    0.0017024449           2176.79131           0.23979        2163.77386
    0.0017259376           2174.89443           0.23985        2161.88866
    0.0017497258           2172.98034           0.23991        2159.98635
    0.0017738133           2171.04884           0.23997        2158.06674
    0.0017982037           2169.09973           0.24004        2156.12963
    0.0018229009           2167.13280           0.24012        2154.17482
    0.0018479087           2165.14785           0.24019        2152.20210
    0.0018732312           2163.14467           0.24028        2150.21127
    0.0018988721           2161.12306           0.24036        2148.20212
    0.0019248356           2159.08280           0.24045        2146.17444
    0.0019511256           2157.02368           0.24054        2144.12803
    0.0019777463           2154.94548           0.24064        2142.06266
    0.0020047019           2152.84800           0.24074        2139.97813
    0.0020319966           2150.73102           0.24085        2137.87422
    0.0020596345           2148.59431           0.24096        2135.75071
    0.0020876201           2146.43766           0.24107        2133.60739
    0.0021159577           2144.26084           0.24119        2131.44402
    0.0021446518           2142.06363           0.24132        2129.26040
    0.0021737068           2139.84581           0.24145        2127.05630
    0.0022031273           2137.60714           0.24158        2124.83148
    0.0022329178           2135.34740           0.24172        2122.58573
    0.0022630830           2133.06635           0.24187        2120.31882
    0.0022936277           2130.76377           0.24202        2118.03050
    0.0023245566           2128.43942           0.24218        2115.72056
    0.0023558745           2126.09307           0.24234        2113.38875
    0.0023875863           2123.72447           0.24251        2111.03484
    0.0024196970           2121.33338           0.24269        2108.65859
    0.0024522117           2118.91957           0.24287        2106.25976
    0.0024851353           2116.48280           0.24306        2103.83811
    0.0025184730           2114.02280           0.24325        2101.39341
    0.0025522301           2111.53935           0.24346        2098.92539
    0.0025864118           2109.03219           0.24367        2096.43382
    0.0026210235           2106.50108           0.24388        2093.91844
    0.0026560705           2103.94575           0.24411        2091.37901
    0.0026915583           2101.36596           0.24434        2088.81528
    0.0027274925           2098.76145           0.24458        2086.22699
    0.0027638788           2096.13197           0.24483        2083.61389
    0.0028007227           2093.47725           0.24509        2080.97571
    0.0028380300           2090.79703           0.24535        2078.31221
    0.0028758066           2088.09106           0.24562        2075.62312
    0.0029140584           2085.35907           0.24591        2072.90818
    0.0029527913           2082.60079           0.24620        2070.16713
    0.0029920115           2079.81596           0.24650        2067.39969
    0.0030317249           2077.00431           0.24681        2064.60561
    0.0030719379           2074.16556           0.24713        2061.78461
    0.0031126568           2071.29945           0.24746        2058.93643
    0.0031538877           2068.40570           0.24780        2056.06080
    0.0031956374           2065.48404           0.24816        2053.15743
    0.0032379121           2062.53419           0.24852        2050.22606
    0.0032807186           2059.55587           0.24889        2047.26641
    0.0033240636           2056.54880           0.24928        2044.27820
    0.0033679537           2053.51271           0.24967        2041.26116
    0.0034123960           2050.44730           0.25008        2038.21499
    0.0034573972           2047.35229           0.25051        2035.13942
    0.0035029645           2044.22740           0.25094        2032.03417
    0.0035491050           2041.07234           0.25139        2028.89895
    0.0035958258           2037.88683           0.25185        2025.73347
    0.0036431343           2034.67056           0.25232        2022.53745
    0.0036910379           2031.42325           0.25281        2019.31060
    0.0037395440           2028.14461           0.25331        2016.05262
    0.0037886603           2024.83434           0.25383        2012.76323
    0.0038383944           2021.49215           0.25436        2009.44212
    0.0038887540           2018.11775           0.25491        2006.08902
    0.0039397471           2014.71082           0.25547        2002.70361
    0.0039913816           2011.27108           0.25605        1999.28561
    0.0040436656           2007.79822           0.25665        1995.83472
    0.0040966073           2004.29195           0.25726        1992.35063
    0.0041502148           2000.75196           0.25789        1988.83305
    0.0042044967           1997.17795           0.25854        1985.28169
    0.0042594614           1993.56961           0.25921        1981.69622
    0.0043151174           1989.92664           0.25989        1978.07636
    0.0043714735           1986.24873           0.26060        1974.42181
    0.0044285384           1982.53558           0.26132        1970.73224
    0.0044863212           1978.78688           0.26207        1967.00737
    0.0045448307           1975.00232           0.26283        1963.24688
    0.0046040762           1971.18159           0.26362        1959.45047
    0.0046640670           1967.32438           0.26442        1955.61783
    0.0047248123           1963.43039           0.26525        1951.74866
    0.0047863217           1959.49930           0.26611        1947.84264
    0.0048486048           1955.53079           0.26698        1943.89947
    0.0049116714           1951.52457           0.26788        1939.91884
    0.0049755312           1947.48032           0.26880        1935.90044
    0.0050401943           1943.39772           0.26975        1931.84396
    0.0051056707           1939.27647           0.27073        1927.74909
    0.0051719707           1935.11625           0.27173        1923.61553
    0.0052391047           1930.91675           0.27275        1919.44295
    0.0053070831           1926.67766           0.27381        1915.23106
    0.0053759166           1922.39866           0.27489        1910.97955
    0.0054456159           1918.07945           0.27600        1906.68809
    0.0055161919           1913.71971           0.27714        1902.35640
    0.0055876556           1909.31913           0.27831        1897.98415
    0.0056600183           1904.87740           0.27951        1893.57104
    0.0057332911           1900.39422           0.28074        1889.11676
    0.0058074856           1895.86926           0.28200        1884.62101
    0.0058826134           1891.30223           0.28330        1880.08348
    0.0059586862           1886.69282           0.28463        1875.50386
    0.0060357158           1882.04071           0.28600        1870.88186
    0.0061137144           1877.34561           0.28740        1866.21716
    0.0061926940           1872.60720           0.28883        1861.50947
    0.0062726671           1867.82519           0.29031        1856.75848
    0.0063536461           1862.99927           0.29182        1851.96390
    0.0064356437           1858.12914           0.29337        1847.12543
    0.0065186728           1853.21450           0.29496        1842.24276
    0.0066027462           1848.25506           0.29659        1837.31562
    0.0066878771           1843.25051           0.29826        1832.34370
    0.0067740788           1838.20058           0.29997        1827.32671
    0.0068613648           1833.10495           0.30173        1822.26437
    0.0069497488           1827.96336           0.30353        1817.15639
    0.0070392444           1822.77550           0.30538        1812.00249
    0.0071298658           1817.54109           0.30727        1806.80237
    0.0072216271           1812.25986           0.30921        1801.55577
    0.0073145426           1806.93152           0.31120        1796.26241
    0.0074086268           1801.55579           0.31324        1790.92202
    0.0075038944           1796.13241           0.31532        1785.53431
    0.0076003604           1790.66110           0.31746        1780.09904
    0.0076980397           1785.14159           0.31966        1774.61593
    0.0077969477           1779.57363           0.32190        1769.08472
    0.0078970999           1773.95696           0.32421        1763.50517
    0.0079985117           1768.29131           0.32656        1757.87700
    0.0081011992           1762.57644           0.32898        1752.19998
    0.0082051784           1756.81209           0.33146        1746.47386
    0.0083104654           1750.99804           0.33399        1740.69841
    0.0084170768           1745.13403           0.33659        1734.87338
    0.0085250291           1739.21983           0.33925        1728.99854
    0.0086343394           1733.25522           0.34197        1723.07367
    0.0087450246           1727.23997           0.34476        1717.09855
    0.0088571021           1721.17386           0.34762        1711.07297
    0.0089705893           1715.05668           0.35055        1704.99670
    0.0090855040           1708.88822           0.35354        1698.86955
    0.0092018642           1702.66828           0.35661        1692.69132
    0.0093196880           1696.39666           0.35975        1686.46181
    0.0094389938           1690.07318           0.36296        1680.18085
    0.0095598003           1683.69764           0.36626        1673.84824
    0.0096821264           1677.26989           0.36962        1667.46382
    0.0098059911           1670.78974           0.37307        1661.02741
    0.0099314139           1664.25703           0.37660        1654.53887
    0.0100584143           1657.67161           0.38022        1647.99804
    0.0101870122           1651.03333           0.38391        1641.40477
    0.0103172276           1644.34206           0.38770        1634.75893
    0.0104490809           1637.59766           0.39157        1628.06038
    0.0105825928           1630.80000           0.39553        1621.30902
    0.0107177840           1623.94898           0.39958        1614.50472
    0.0108546757           1617.04448           0.40373        1607.64738
    0.0109932893           1610.08642           0.40798        1600.73691
    0.0111336465           1603.07469           0.41232        1593.77323
    0.0112757691           1596.00924           0.41676        1586.75626
    0.0114196794           1588.88998           0.42130        1579.68593
    0.0115653999           1581.71686           0.42595        1572.56219
    0.0117129533           1574.48982           0.43070        1565.38499
    0.0118623627           1567.20885           0.43556        1558.15430
    0.0120136515           1559.87389           0.44053        1550.87009
    0.0121668432           1552.48495           0.44561        1543.53236
    0.0123219618           1545.04202           0.45081        1536.14109
    0.0124790316           1537.54510           0.45612        1528.69630
    0.0126380771           1529.99421           0.46155        1521.19802
    0.0127991231           1522.38939           0.46711        1513.64626
    0.0129621949           1514.73068           0.47278        1506.04109
    0.0131273178           1507.01814           0.47859        1498.38256
    0.0132945177           1499.25183           0.48452        1490.67074
    0.0134638208           1491.43184           0.49059        1482.90572
    0.0136352534           1483.55826           0.49678        1475.08759
    0.0138088423           1475.63121           0.50312        1467.21647
    0.0139846148           1467.65081           0.50959        1459.29249
    0.0141625982           1459.61720           0.51620        1451.31578
    0.0143428203           1451.53054           0.52296        1443.28650
    0.0145253094           1443.39098           0.52986        1435.20483
    0.0147100939           1435.19873           0.53692        1427.07094
    0.0148972027           1426.95397           0.54412        1418.88505
    0.0150866650           1418.65692           0.55148        1410.64736
    0.0152785105           1410.30782           0.55900        1402.35811
    0.0154727691           1401.90691           0.56668        1394.01756
    0.0156694711           1393.45446           0.57452        1385.62596
    0.0158686474           1384.95074           0.58253        1377.18360
    0.0160703290           1376.39607           0.59071        1368.69078
    0.0162745475           1367.79076           0.59906        1360.14783
    0.0164813346           1359.13513           0.60759        1351.55507
    0.0166907229           1350.42956           0.61629        1342.91286
    0.0169027449           1341.67440           0.62518        1334.22158
    0.0171174339           1332.87005           0.63425        1325.48161
    0.0173348233           1324.01691           0.64351        1316.69336
    0.0175549471           1315.11543           0.65296        1307.85727
    0.0177778398           1306.16604           0.66260        1298.97379
    0.0180035361           1297.16921           0.67244        1290.04338
    0.0182320713           1288.12544           0.68248        1281.06653
    0.0184634811           1279.03522           0.69273        1272.04375
    0.0186978017           1269.89910           0.70319        1262.97557
    0.0189350696           1260.71762           0.71385        1253.86254
    0.0191753221           1251.49136           0.72473        1244.70524
    0.0194185965           1242.22089           0.73583        1235.50424
    0.0196649310           1232.90685           0.74714        1226.26018
    0.0199143640           1223.54987           0.75869        1216.97368
    0.0201669344           1214.15060           0.77046        1207.64541
    0.0204226818           1204.70972           0.78246        1198.27603
    0.0206816461           1195.22794           0.79470        1188.86626
    0.0209438678           1185.70599           0.80717        1179.41681
    0.0212093878           1176.14460           0.81989        1169.92844
    0.0214782477           1166.54456           0.83285        1160.40191
    0.0217504894           1156.90665           0.84607        1150.83802
    0.0220261554           1147.23170           0.85953        1141.23759
    0.0223052890           1137.52055           0.87325        1131.60144
    0.0225879335           1127.77405           0.88724        1121.93045
    0.0228741334           1117.99310           0.90148        1112.22550
    0.0231639331           1108.17861           0.91600        1102.48749
    0.0234573781           1098.33152           0.93078        1092.71737
    0.0237545142           1088.45278           0.94584        1082.91609
    0.0240553878           1078.54338           0.96118        1073.08463
    0.0243600459           1068.60433           0.97679        1063.22400
    0.0246685362           1058.63666           0.99270        1053.33522
    0.0249809068           1048.64142           1.00889        1043.41935
    0.0252972065           1038.61970           1.02538        1033.47746
    0.0256174848           1028.57259           1.04216        1023.51065
    0.0259417916           1018.50123           1.05924        1013.52005
    0.0262701778           1008.40678           1.07662        1003.50681
    0.0266026945            998.29040           1.09431         993.47209
    0.0269393938            988.15330           1.11231         983.41710
    0.0272803283            977.99670           1.13063         973.34305
    0.0276255512            967.82184           1.14926         963.25119
    0.0279751164            957.63001           1.16821         953.14278
    0.0283290787            947.42250           1.18749         943.01911
    0.0286874932            937.20061           1.20709         932.88149
    0.0290504160            926.96571           1.22702         922.73127
    0.0294179039            916.71914           1.24729         912.56979
    0.0297900141            906.46229           1.26789         902.39843
    0.0301668050            896.19658           1.28883         892.21860
    0.0305483353            885.92344           1.31011         882.03173
    0.0309346646            875.64431           1.33174         871.83925
    0.0313258534            865.36067           1.35372         861.64263
    0.0317219627            855.07401           1.37604         851.44336
    0.0321230545            844.78586           1.39873         841.24295
    0.0325291913            834.49775           1.42176         831.04293
    0.0329404368            824.21122           1.44516         820.84483
    0.0333568551            813.92786           1.46891         810.65023
    0.0337785112            803.64926           1.49303         800.46071
    0.0342054712            793.37703           1.51752         790.27788
    0.0346378016            783.11280           1.54237         780.10334
    0.0350755701            772.85822           1.56759         769.93875
    0.0355188451            762.61494           1.59318         759.78574
    0.0359676958            752.38465           1.61915         749.64599
    0.0364221923            742.16904           1.64549         739.52119
    0.0368824056            731.96982           1.67220         729.41302
    0.0373484078            721.78872           1.69929         719.32320
    0.0378202715            711.62746           1.72676         709.25346
    0.0382980705            701.48779           1.75461         699.20552
    0.0387818796            691.37148           1.78283         689.18114
    0.0392717741            681.28029           1.81144         679.18207
    0.0397678308            671.21600           1.84042         669.21008
    0.0402701272            661.18041           1.86979         659.26694
    0.0407787416            651.17530           1.89954         649.35445
    0.0412937536            641.20248           1.92966         639.47437
    0.0418152437            631.26377           1.96017         629.62852
    0.0423432933            621.36097           1.99105         619.81870
    0.0428779850            611.49590           2.02231         610.04670
    0.0434194022            601.67039           2.05395         600.31433
    0.0439676296            591.88626           2.08596         590.62340
    0.0445227529            582.14533           2.11835         580.97572
    0.0450848588            572.44944           2.15110         571.37311
    0.0456540351            562.80039           2.18423         561.81735
    0.0462303708            553.20002           2.21772         552.31027
    0.0468139558            543.65013           2.25158         542.85365
    0.0474048815            534.15255           2.28579         533.44930
    0.0480032401            524.70907           2.32036         524.09899
    0.0486091251            515.32149           2.35529         514.80452
    0.0492226312            505.99161           2.39056         505.56765
    0.0498438543            496.72119           2.42618         496.39014
    0.0504728914            487.51202           2.46214         487.27373
    0.0511098408            478.36583           2.49844         478.22018
    0.0517548021            469.28438           2.53506         469.23119
    0.0524078759            460.26939           2.57201         460.30847
    0.0530691644            451.32257           2.60928         451.45371
    0.0537387709            442.44560           2.64685         442.66858
    0.0544168001            433.64016           2.68473         433.95474
    0.0551033577            424.90790           2.72291         425.31380
    0.0557985512            416.25044           2.76138         416.74738
    0.0565024892            407.66939           2.80013         408.25705
    0.0572152816            399.16633           2.83915         399.84438
    0.0579370399            390.74280           2.87843         391.51090
    0.0586678767            382.40034           2.91797         383.25810
    0.0594079063            374.14043           2.95775         375.08746
    0.0601572444            365.96454           2.99777         367.00042
    0.0609160080            357.87410           3.03801         358.99839
    0.0616843156            349.87051           3.07847         351.08274
    0.0624622874            341.95513           3.11912         343.25481
    0.0632500448            334.12929           3.15997         335.51590
    0.0640477110            326.39427           3.20099         327.86729
    0.0648554107            318.75133           3.24217         320.31020
    0.0656732699            311.20168           3.28351         312.84580
    0.0665014165            303.74648           3.32498         305.47525
    0.0673399800            296.38685           3.36657         298.19965
    0.0681890912            289.12389           3.40827         291.02006
    0.0690488830            281.95862           3.45007         283.93748
    0.0699194896            274.89203           3.49194         276.95287
    0.0708010471            267.92507           3.53386         270.06717
    0.0716936932            261.05863           3.57584         263.28123
    0.0725975675            254.29354           3.61783         256.59587
    0.0735128111            247.63061           3.65984         250.01187
    0.0744395670            241.07058           3.70183         243.52993
    0.0753779801            234.61412           3.74380         237.15072
    0.0763281969            228.26188           3.78572         230.87485
    0.0772903660            222.01444           3.82757         224.70288
    0.0782646378            215.87232           3.86933         218.63529
    0.0792511643            209.83598           3.91099         212.67255
    0.0802500998            203.90585           3.95251         206.81503
    0.0812616004            198.08226           3.99389         201.06307
    0.0822858241            192.36554           4.03509         195.41694
    0.0833229309            186.75590           4.07609         189.87684
    0.0843730830            181.25353           4.11688         184.44295
    0.0854364443            175.85855           4.15743         179.11535
    0.0865131811            170.57102           4.19771         173.89408
    0.0876034615            165.39094           4.23770         168.77912
    0.0887074560            160.31826           4.27738         163.77038
    0.0898253370            155.35286           4.31673         158.86773
    0.0909572793            150.49455           4.35570         154.07097
    0.0921034596            145.74310           4.39429         149.37983
    0.0932640571            141.09821           4.43247         144.79400
    0.0944392531            136.55953           4.47020         140.31309
    0.0956292313            132.12663           4.50747         135.93666
    0.0968341775            127.79905           4.54424         131.66423
    0.0980542801            123.57624           4.58049         127.49523
    0.0992897297            119.45762           4.61620         123.42905
    0.1005407193            115.44254           4.65133         119.46503
    0.1018074445            111.53029           4.68585         115.60243
    0.1030901031            107.72010           4.71975         111.84048
    0.1043888956            104.01117           4.75298         108.17835
    0.1057040248            100.40263           4.78553         104.61514
    0.1070356964             96.89354           4.81737         101.14991
    0.1083841183             93.48293           4.84846          97.78167
    0.1097495012             90.16978           4.87878          94.50938
    0.1111320586             86.95300           4.90830          91.33194
    0.1125320064             83.83148           4.93700          88.24822
    0.1139495634             80.80404           4.96484          85.25702
    0.1153849510             77.86947           4.99180          82.35712
    0.1168383937             75.02649           5.01784          79.54725
    0.1183101183             72.27382           5.04295          76.82608
    0.1198003550             69.61009           5.06709          74.19226
    0.1213093365             67.03394           5.09024          71.64439
    0.1228372987             64.54392           5.11236          69.18104
    0.1243844804             62.13860           5.13344          66.80075
    0.1259511231             59.81647           5.15345          64.50202
    0.1275374718             57.57602           5.17236          62.28331
    0.1291437743             55.41568           5.19015          60.14307
    0.1307702816             53.33388           5.20678          58.07971
    0.1324172478             51.32901           5.22224          56.09161
    0.1340849304             49.39943           5.23651          54.17714
    0.1357735897             47.54350           5.24955          52.33465
    0.1374834899             45.75954           5.26135          50.56246
    0.1392148979             44.04586           5.27189          48.85888
    0.1409680843             42.40075           5.28114          47.22220
    0.1427433231             40.82249           5.28909          45.65071
    0.1445408917             39.30936           5.29570          44.14267
    0.1463610709             37.85960           5.30098          42.69635
    0.1482041451             36.47148           5.30489          41.31001
    0.1500704023             35.14324           5.30742          39.98190
    0.1519601342             33.87313           5.30856          38.71028
    0.1538736360             32.65939           5.30829          37.49339
    0.1558112066             31.50027           5.30660          36.32950
    0.1577731490             30.39403           5.30347          35.21686
    0.1597597695             29.33890           5.29889          34.15375
    0.1617713786             28.33317           5.29286          33.13843
    0.1638082906             27.37511           5.28536          32.16921
    0.1658708238             26.46300           5.27639          31.24437
    0.1679593005             25.59514           5.26593          30.36224
    0.1700740471             24.76984           5.25399          29.52114
    0.1722153938             23.98545           5.24056          28.71943
    0.1743836754             23.24030           5.22564          27.95548
    0.1765792306             22.53278           5.20922          27.22768
    0.1788024025             21.86127           5.19131          26.53445
    0.1810535384             21.22421           5.17190          25.87422
    0.1833329902             20.62002           5.15101          25.24547
    0.1856411139             20.04719           5.12862          24.64669
    0.1879782702             19.50421           5.10476          24.07640
    0.1903448244             18.98961           5.07941          23.53316
    0.1927411461             18.50195           5.05260          23.01555
    0.1951676099             18.03983           5.02433          22.52219
    0.1976245948             17.60187           4.99462          22.05175
    0.2001124848             17.18673           4.96346          21.60290
    0.2026316686             16.79311           4.93088          21.17436
    0.2051825398             16.41973           4.89689          20.76491
    0.2077654970             16.06537           4.86151          20.37333
    0.2103809438             15.72882           4.82474          19.99847
    0.2130292889             15.40894           4.78662          19.63920
    0.2157109461             15.10460           4.74716          19.29443
    0.2184263344             14.81474           4.70638          18.96311
    0.2211758780             14.53830           4.66430          18.64425
    0.2239600067             14.27428           4.62095          18.33687
    0.2267791554             14.02174           4.57636          18.04005
    0.2296337646             13.77975           4.53054          17.75291
    0.2325242804             13.54744           4.48354          17.47461
    0.2354511543             13.32396           4.43537          17.20433
    0.2384148439             13.10852           4.38607          16.94133
    0.2414158120             12.90036           4.33567          16.68488
    0.2444545277             12.69875           4.28420          16.43429
    0.2475314657             12.50303           4.23171          16.18893
    0.2506471069             12.31255           4.17822          15.94819
    0.2538019379             12.12672           4.12378          15.71151
    0.2569964519             11.94495           4.06842          15.47836
    0.2602311479             11.76673           4.01219          15.24826
    0.2635065314             11.59157           3.95512          15.02074
    0.2668231141             11.41901           3.89725          14.79541
    0.2701814143             11.24864           3.83864          14.57186
    0.2735819567             11.08005           3.77932          14.34977
    0.2770252727             10.91291           3.71934          14.12880
    0.2805119003             10.74688           3.65875          13.90868
    0.2840423842             10.58169           3.59759          13.68916
    0.2876172762             10.41706           3.53590          13.47001
    0.2912371347             10.25278           3.47375          13.25105
    0.2949025255             10.08863           3.41117          13.03210
    0.2986140212              9.92443           3.34821          12.81304
    0.3023722018              9.76005           3.28493          12.59374
    0.3061776545              9.59535           3.22137          12.37411
    0.3100309739              9.43024           3.15758          12.15410
    0.3139327620              9.26462           3.09361          11.93366
    0.3178836287              9.09846           3.02952          11.71276
    0.3218841911              8.93169           2.96535          11.49140
    0.3259350744              8.76432           2.90114          11.26960
    0.3300369115              8.59633           2.83696          11.04738
    0.3341903434              8.42775           2.77284          10.82480
    0.3383960190              8.25859           2.70884          10.60192
    0.3426545955              8.08891           2.64500          10.37881
    0.3469667383              7.91877           2.58138          10.15556
    0.3513331212              7.74823           2.51801           9.93227
    0.3557544265              7.57738           2.45495           9.70905
    0.3602313449              7.40630           2.39224           9.48602
    0.3647645760              7.23511           2.32992           9.26330
    0.3693548281              7.06389           2.26803           9.04102
    0.3740028185              6.89278           2.20663           8.81933
    0.3787092734              6.72188           2.14574           8.59837
    0.3834749283              6.55133           2.08542           8.37828
    0.3883005276              6.38126           2.02569           8.15921
    0.3931868256              6.21179           1.96660           7.94133
    0.3981345856              6.04306           1.90818           7.72477
    0.4031445808              5.87520           1.85047           7.50971
    0.4082175940              5.70837           1.79350           7.29627
    0.4133544178              5.54268           1.73730           7.08463
    0.4185558549              5.37828           1.68190           6.87494
    0.4238227180              5.21530           1.62733           6.66733
    0.4291558301              5.05388           1.57362           6.46195
    0.4345560245              4.89414           1.52079           6.25896
    0.4400241450              4.73622           1.46887           6.05847
    0.4455610460              4.58023           1.41788           5.86064
    0.4511675926              4.42630           1.36784           5.66558
    0.4568446609              4.27454           1.31877           5.47342
    0.4625931379              4.12506           1.27069           5.28427
    0.4684139219              3.97797           1.22360           5.09825
    0.4743079223              3.83337           1.17754           4.91545
    0.4802760601              3.69135           1.13250           4.73599
    0.4863192678              3.55201           1.08850           4.55994
    0.4924384898              3.41541           1.04555           4.38739
    0.4986346821              3.28165           1.00365           4.21842
    0.5049088128              3.15079           0.96281           4.05310
    0.5112618625              3.02288           0.92304           3.89149
    0.5176948236              2.89800           0.88433           3.73365
    0.5242087015              2.77618           0.84669           3.57961
    0.5308045138              2.65747           0.81012           3.42943
    0.5374832912              2.54192           0.77462           3.28313
    0.5442460774              2.42954           0.74018           3.14074
    0.5510939289              2.32036           0.70679           3.00228
    0.5580279157              2.21439           0.67445           2.86776
    0.5650491214              2.11166           0.64316           2.73719
    0.5721586430              2.01216           0.61291           2.61056
    0.5793575914              1.91589           0.58368           2.48786
    0.5866470913              1.82284           0.55546           2.36908
    0.5940282819              1.73301           0.52824           2.25420
    0.6015023165              1.64637           0.50202           2.14320
    0.6090703628              1.56289           0.47676           2.03603
    0.6167336034              1.48255           0.45247           1.93266
    0.6244932358              1.40532           0.42912           1.83305
    0.6323504723              1.33115           0.40670           1.73715
    0.6403065406              1.26000           0.38519           1.64491
    0.6483626840              1.19183           0.36456           1.55627
    0.6565201612              1.12659           0.34481           1.47118
    0.6647802468              1.06421           0.32592           1.38956
    0.6731442316              1.00465           0.30785           1.31134
    0.6816134222              0.94783           0.29060           1.23647
    0.6901891422              0.89371           0.27414           1.16486
    0.6988727315              0.84220           0.25845           1.09643
    0.7076655469              0.79325           0.24350           1.03112
    0.7165689623              0.74678           0.22929           0.96883
    0.7255843688              0.70272           0.21578           0.90949
    0.7347131752              0.66100           0.20295           0.85301
    0.7439568079              0.62154           0.19079           0.79931
    0.7533167111              0.58426           0.17926           0.74830
    0.7627943475              0.54910           0.16835           0.69990
    0.7723911978              0.51596           0.15803           0.65401
    0.7821087616              0.48478           0.14829           0.61056
    0.7919485574              0.45548           0.13909           0.56945
    0.8019121225              0.42799           0.13043           0.53059
    0.8120010139              0.40221           0.12227           0.49391
    0.8222168079              0.37809           0.11460           0.45931
    0.8325611008              0.35554           0.10739           0.42672
    0.8430355088              0.33449           0.10063           0.39604
    0.8536416687              0.31486           0.09429           0.36720
    0.8643812377              0.29660           0.08836           0.34011
    0.8752558938              0.27961           0.08281           0.31470
    0.8862673362              0.26384           0.07763           0.29088
    0.8974172855              0.24922           0.07280           0.26859
    0.9087074840              0.23569           0.06830           0.24775
    0.9201396956              0.22317           0.06411           0.22827
    0.9317157068              0.21161           0.06021           0.21011
    0.9434373262              0.20095           0.05659           0.19318
    0.9553063855              0.19113           0.05324           0.17742
    0.9673247392              0.18209           0.05014           0.16277
    0.9794942651              0.17379           0.04726           0.14917
    0.9918168648              0.16616           0.04461           0.13655
    1.0042944638              0.15917           0.04216           0.12485
    1.0169290116              0.15276           0.03991           0.11404
    1.0297224825              0.14689           0.03783           0.10404
    1.0426768755              0.14152           0.03592           0.09481
    1.0557942146              0.13660           0.03417           0.08630
    1.0690765496              0.13210           0.03256           0.07847
    1.0825259557              0.12799           0.03108           0.07126
    1.0961445346              0.12422           0.02973           0.06464
    1.1099344141              0.12076           0.02849           0.05857
    1.1238977489              0.11758           0.02735           0.05301
    1.1380367209              0.11466           0.02632           0.04792
    1.1523535392              0.11196           0.02537           0.04327
    1.1668504410              0.10946           0.02450           0.03902
    1.1815296913              0.10714           0.02370           0.03514
    1.1963935838              0.10497           0.02297           0.03162
    1.2114444412              0.10294           0.02230           0.02841
    1.2266846149              0.10102           0.02168           0.02549
    1.2421164865              0.09920           0.02112           0.02284
    1.2577424671              0.09746           0.02059           0.02045
    1.2735649984              0.09578           0.02010           0.01827
    1.2895865526              0.09416           0.01965           0.01631
    1.3058096332              0.09259           0.01922           0.01454
    1.3222367749              0.09104           0.01883           0.01295
    1.3388705447              0.08952           0.01845           0.01151
    1.3557135416              0.08802           0.01809           0.01022
    1.3727683973              0.08653           0.01775           0.00906
    1.3900377766              0.08504           0.01743           0.00802
    1.4075243780              0.08355           0.01711           0.00709
    1.4252309338              0.08205           0.01681           0.00626
    1.4431602106              0.08055           0.01651           0.00552
    1.4613150100              0.07903           0.01622           0.00485
    1.4796981686              0.07751           0.01594           0.00427
    1.4983125589              0.07596           0.01566           0.00374
    1.5171610894              0.07440           0.01538           0.00328
    1.5362467053              0.07283           0.01510           0.00287
    1.5555723886              0.07124           0.01482           0.00250
    1.5751411591              0.06964           0.01455           0.00218
    1.5949560744              0.06802           0.01427           0.00190
    1.6150202307              0.06639           0.01399           0.00165
    1.6353367630              0.06475           0.01371           0.00143
    1.6559088458              0.06309           0.01343           0.00124
    1.6767396936              0.06143           0.01315           0.00107
    1.6978325611              0.05977           0.01287           0.00093
    1.7191907443              0.05810           0.01258           0.00080
    1.7408175804              0.05643           0.01229           0.00069
    1.7627164486              0.05476           0.01201           0.00059
    1.7848907706              0.05309           0.01172           0.00051
    1.8073440112              0.05143           0.01143           0.00043
    1.8300796789              0.04978           0.01113           0.00037
    1.8531013260              0.04814           0.01084           0.00032
    1.8764125499              0.04651           0.01055           0.00027
    1.9000169928              0.04490           0.01026           0.00023
    1.9239183430              0.04330           0.00997           0.00019
    1.9481203353              0.04173           0.00968           0.00016
    1.9726267511              0.04017           0.00939           0.00014
    1.9974414197              0.03864           0.00910           0.00012
    2.0225682184              0.03713           0.00881           0.00010
    2.0480110733              0.03565           0.00853           0.00008
    2.0737739599              0.03420           0.00825           0.00007
    2.0998609038              0.03278           0.00797           0.00006
    2.1262759810              0.03139           0.00769           0.00005
    2.1530233190              0.03003           0.00742           0.00004
    2.1801070970              0.02870           0.00715           0.00003
    2.2075315471              0.02741           0.00689           0.00003
    2.2353009543              0.02616           0.00663           0.00002
    2.2634196576              0.02493           0.00637           0.00002
    2.2918920507              0.02375           0.00612           0.00002
    2.3207225824              0.02260           0.00588           0.00001
    2.3499157575              0.02149           0.00564           0.00001
    2.3794761376              0.02041           0.00540           0.00001
    2.4094083414              0.01937           0.00517           0.00001
    2.4397170461              0.01837           0.00495           0.00001
    2.4704069873              0.01740           0.00473           0.00000
    2.5014829605              0.01647           0.00452           0.00000
    2.5329498213              0.01558           0.00431           0.00000
    2.5648124865              0.01472           0.00411           0.00000
    2.5970759346              0.01390           0.00392           0.00000
    2.6297452070              0.01311           0.00373           0.00000
    2.6628254082              0.01236           0.00355           0.00000
    2.6963217072              0.01164           0.00337           0.00000
    2.7302393377              0.01095           0.00320           0.00000
    2.7645835995              0.01029           0.00304           0.00000
    2.7993598589              0.00967           0.00288           0.00000
    2.8345735499              0.00907           0.00273           0.00000
    2.8702301745              0.00850           0.00258           0.00000
    2.9063353042              0.00797           0.00244           0.00000
    2.9428945806              0.00746           0.00230           0.00000
    2.9799137161              0.00697           0.00217           0.00000
    3.0173984949              0.00652           0.00205           0.00000
    3.0553547743              0.00608           0.00193           0.00000
    3.0937884848              0.00568           0.00182           0.00000
    3.1327056320              0.00529           0.00171           0.00000
    3.1721122965              0.00493           0.00161           0.00000
    3.2120146359              0.00459           0.00151           0.00000
    3.2524188850              0.00426           0.00142           0.00000
    3.2933313569              0.00396           0.00133           0.00000
    3.3347584444              0.00368           0.00124           0.00000
    3.3767066204              0.00341           0.00116           0.00000
    3.4191824396              0.00316           0.00109           0.00000
    3.4621925388              0.00293           0.00102           0.00000
    3.5057436385              0.00271           0.00095           0.00000
    3.5498425436              0.00250           0.00088           0.00000
    3.5944961446              0.00231           0.00082           0.00000
    3.6397114187              0.00213           0.00077           0.00000
    3.6854954310              0.00197           0.00071           0.00000
    3.7318553353              0.00181           0.00066           0.00000
    3.7787983754              0.00167           0.00061           0.00000
    3.8263318862              0.00154           0.00057           0.00000
    3.8744632950              0.00141           0.00053           0.00000
    3.9232001224              0.00130           0.00049           0.00000
    3.9725499836              0.00119           0.00045           0.00000
    4.0225205897              0.00109           0.00042           0.00000
    4.0731197486              0.00100           0.00039           0.00000
    4.1243553665              0.00091           0.00036           0.00000
    4.1762354493              0.00084           0.00033           0.00000
    4.2287681031              0.00076           0.00030           0.00000
    4.2819615363              0.00070           0.00028           0.00000
    4.3358240606              0.00064           0.00026           0.00000
    4.3903640920              0.00058           0.00023           0.00000
    4.4455901526              0.00053           0.00021           0.00000
    4.5015108715              0.00048           0.00020           0.00000
    4.5581349864              0.00044           0.00018           0.00000
    4.6154713451              0.00040           0.00016           0.00000
    4.6735289063              0.00036           0.00015           0.00000
    4.7323167418              0.00033           0.00014           0.00000
    4.7918440372              0.00030           0.00012           0.00000
    4.8521200938              0.00027           0.00011           0.00000
    4.9131543298              0.00024           0.00010           0.00000
    4.9749562821              0.00022           0.00009           0.00000
    5.0375356072              0.00020           0.00009           0.00000
    5.1009020833              0.00018           0.00008           0.00000
    5.1650656115              0.00016           0.00007           0.00000
    5.2300362176              0.00014           0.00006           0.00000
    5.2958240533              0.00013           0.00006           0.00000
    5.3624393982              0.00012           0.00005           0.00000
    5.4298926609              0.00010           0.00005           0.00000
    5.4981943811              0.00009           0.00004           0.00000
    5.5673552313              0.00008           0.00004           0.00000
    5.6373860179              0.00008           0.00003           0.00000
    5.7082976833              0.00007           0.00003           0.00000
    5.7801013077              0.00006           0.00003           0.00000
    5.8528081105              0.00005           0.00002           0.00000
    5.9264294523              0.00005           0.00002           0.00000
    6.0009768366              0.00004           0.00002           0.00000
    6.0764619115              0.00004           0.00002           0.00000
    6.1528964718              0.00003           0.00002           0.00000
    6.2302924605              0.00003           0.00001           0.00000
    6.3086619708              0.00003           0.00001           0.00000
    6.3880172483              0.00002           0.00001           0.00000
    6.4683706923              0.00002           0.00001           0.00000
    6.5497348582              0.00002           0.00001           0.00000
    6.6321224593              0.00002           0.00001           0.00000
    6.7155463689              0.00001           0.00001           0.00000
    6.8000196220              0.00001           0.00001           0.00000
    6.8855554179              0.00001           0.00000           0.00000
    6.9721671217              0.00001           0.00000           0.00000
    7.0598682665              0.00001           0.00000           0.00000
    7.1486725560              0.00001           0.00000           0.00000
    7.2385938659              0.00001           0.00000           0.00000
    7.3296462467              0.00001           0.00000           0.00000
    7.4218439254              0.00000           0.00000           0.00000
    7.5152013081              0.00000           0.00000           0.00000
    7.6097329822              0.00000           0.00000           0.00000
    7.7054537183              0.00000           0.00000           0.00000
    7.8023784731              0.00000           0.00000           0.00000
    7.9005223912              0.00000           0.00000           0.00000
    7.9999008079              0.00000           0.00000           0.00000
    8.1005292511              0.00000           0.00000           0.00000
    8.2024234443              0.00000           0.00000           0.00000
    8.3055993087              0.00000           0.00000           0.00000
    8.4100729657              0.00000           0.00000           0.00000
    8.5158607396              0.00000           0.00000           0.00000
    8.6229791598              0.00000           0.00000           0.00000
    8.7314449639              0.00000           0.00000           0.00000
    8.8412750999              0.00000           0.00000           0.00000
    8.9524867289              0.00000           0.00000           0.00000
    9.0650972279              0.00000           0.00000           0.00000
    9.1791241927              0.00000           0.00000           0.00000
    9.2945854401              0.00000           0.00000           0.00000
    9.4114990113              0.00000           0.00000           0.00000
    9.5298831741              0.00000           0.00000           0.00000
    9.6497564264              0.00000           0.00000           0.00000
    9.7711374986              0.00000           0.00000           0.00000
    9.8940453567              0.00000           0.00000           0.00000
   10.0184992053              0.00000           0.00000           0.00000
   10.1445184907              0.00000           0.00000           0.00000
   10.2721229035              0.00000           0.00000           0.00000
   10.4013323823              0.00000           0.00000           0.00000
   10.5321671162              0.00000           0.00000           0.00000
   10.6646475485              0.00000           0.00000           0.00000
   10.7987943795              0.00000           0.00000           0.00000
   10.9346285698              0.00000           0.00000           0.00000
   11.0721713440              0.00000           0.00000           0.00000
   11.2114441933              0.00000           0.00000           0.00000
   11.3524688794              0.00000           0.00000           0.00000
   11.4952674376              0.00000           0.00000           0.00000
   11.6398621806              0.00000           0.00000           0.00000
   11.7862757016              0.00000           0.00000           0.00000
   11.9345308780              0.00000           0.00000           0.00000
   12.0846508749              0.00000           0.00000           0.00000
   12.2366591489              0.00000           0.00000           0.00000
   12.3905794516              0.00000           0.00000           0.00000
   12.5464358334              0.00000           0.00000           0.00000
   12.7042526471              0.00000           0.00000           0.00000
   12.8640545520              0.00000           0.00000           0.00000
   13.0258665174              0.00000           0.00000           0.00000
   13.1897138267              0.00000           0.00000           0.00000
   13.3556220815              0.00000           0.00000           0.00000
   13.5236172052              0.00000           0.00000           0.00000
   13.6937254475              0.00000           0.00000           0.00000
   13.8659733881              0.00000           0.00000           0.00000
   14.0403879410              0.00000           0.00000           0.00000
   14.2169963589              0.00000           0.00000           0.00000
   14.3958262372              0.00000           0.00000           0.00000
   14.5769055185              0.00000           0.00000           0.00000
   14.7602624968              0.00000           0.00000           0.00000
   14.9459258219              0.00000           0.00000           0.00000
   15.1339245042              0.00000           0.00000           0.00000
   15.3242879188              0.00000           0.00000           0.00000
   15.5170458104              0.00000           0.00000           0.00000
   15.7122282977              0.00000           0.00000           0.00000
   15.9098658786              0.00000           0.00000           0.00000
   16.1099894341              0.00000           0.00000           0.00000
   16.3126302341              0.00000           0.00000           0.00000
   16.5178199416              0.00000           0.00000           0.00000
   16.7255906179              0.00000           0.00000           0.00000
   16.9359747276              0.00000           0.00000           0.00000
   17.1490051436              0.00000           0.00000           0.00000
   17.3647151523              0.00000           0.00000           0.00000
   17.5831384590              0.00000           0.00000           0.00000
   17.8043091926              0.00000           0.00000           0.00000
   18.0282619116              0.00000           0.00000           0.00000
   18.2550316090              0.00000           0.00000           0.00000
   18.4846537181              0.00000           0.00000           0.00000
   18.7171641177              0.00000           0.00000           0.00000
   18.9525991381              0.00000           0.00000           0.00000
   19.1909955665              0.00000           0.00000           0.00000
   19.4323906529              0.00000           0.00000           0.00000
   19.6768221156              0.00000           0.00000           0.00000
   19.9243281477              0.00000           0.00000           0.00000
   20.1749474223              0.00000           0.00000           0.00000
   20.4287190994              0.00000           0.00000           0.00000
   20.6856828312              0.00000           0.00000           0.00000
   20.9458787689              0.00000           0.00000           0.00000
   21.2093475686              0.00000           0.00000           0.00000
   21.4761303978              0.00000           0.00000           0.00000
   21.7462689418              0.00000           0.00000           0.00000
   22.0198054105              0.00000           0.00000           0.00000
   22.2967825444              0.00000           0.00000           0.00000
   22.5772436217              0.00000           0.00000           0.00000
   22.8612324651              0.00000           0.00000           0.00000
   23.1487934484              0.00000           0.00000           0.00000
   23.4399715036              0.00000           0.00000           0.00000
   23.7348121279              0.00000           0.00000           0.00000
   24.0333613907              0.00000           0.00000           0.00000
   24.3356659409              0.00000           0.00000           0.00000
   24.6417730142              0.00000           0.00000           0.00000
   24.9517304405              0.00000           0.00000           0.00000
   25.2655866513              0.00000           0.00000           0.00000
   25.5833906873              0.00000           0.00000           0.00000
   25.9051922059              0.00000           0.00000           0.00000
   26.2310414893              0.00000           0.00000           0.00000
   26.5609894521              0.00000           0.00000           0.00000
   26.8950876494              0.00000           0.00000           0.00000
   27.2333882846              0.00000           0.00000           0.00000
   27.5759442181              0.00000           0.00000           0.00000
   27.9228089747              0.00000           0.00000           0.00000
   28.2740367528              0.00000           0.00000           0.00000
   28.6296824326              0.00000           0.00000           0.00000
   28.9898015843              0.00000           0.00000           0.00000
   29.3544504773              0.00000           0.00000           0.00000
   29.7236860887              0.00000           0.00000           0.00000
   30.0975661124              0.00000           0.00000           0.00000
   30.4761489678              0.00000           0.00000           0.00000
   30.8594938093              0.00000           0.00000           0.00000
   31.2476605353              0.00000           0.00000           0.00000
   31.6407097977              0.00000           0.00000           0.00000
   32.0387030112              0.00000           0.00000           0.00000
   32.4417023631              0.00000           0.00000           0.00000
   32.8497708227              0.00000           0.00000           0.00000
   33.2629721517              0.00000           0.00000           0.00000
   33.6813709136              0.00000           0.00000           0.00000
   34.1050324841              0.00000           0.00000           0.00000
   34.5340230611              0.00000           0.00000           0.00000
   34.9684096752              0.00000           0.00000           0.00000
   35.4082602004              0.00000           0.00000           0.00000
   35.8536433640              0.00000           0.00000           0.00000
   36.3046287583              0.00000           0.00000           0.00000
   36.7612868504              0.00000           0.00000           0.00000
   37.2236889942              0.00000           0.00000           0.00000
   37.6919074410              0.00000           0.00000           0.00000
   38.1660153508              0.00000           0.00000           0.00000
   38.6460868039              0.00000           0.00000           0.00000
   39.1321968126              0.00000           0.00000           0.00000
   39.6244213325              0.00000           0.00000           0.00000
   40.1228372747              0.00000           0.00000           0.00000
   40.6275225176              0.00000           0.00000           0.00000
   41.1385559194              0.00000           0.00000           0.00000
   41.6560173301              0.00000           0.00000           0.00000
   42.1799876040              0.00000           0.00000           0.00000
   42.7105486127              0.00000           0.00000           0.00000
   43.2477832572              0.00000           0.00000           0.00000
   43.7917754818              0.00000           0.00000           0.00000
   44.3426102861              0.00000           0.00000           0.00000
   44.9003737394              0.00000           0.00000           0.00000
   45.4651529932              0.00000           0.00000           0.00000
   46.0370362955              0.00000           0.00000           0.00000
   46.6161130042              0.00000           0.00000           0.00000
   47.2024736013              0.00000           0.00000           0.00000
   47.7962097067              0.00000           0.00000           0.00000
   48.3974140929              0.00000           0.00000           0.00000
   49.0061806993              0.00000           0.00000           0.00000
   49.6226046470              0.00000           0.00000           0.00000
   50.2467822535              0.00000           0.00000           0.00000
   50.8788110477              0.00000           0.00000           0.00000
   51.5187897855              0.00000           0.00000           0.00000
   52.1668184649              0.00000           0.00000           0.00000
   52.8229983416              0.00000           0.00000           0.00000
   53.4874319450              0.00000           0.00000           0.00000
   54.1602230944              0.00000           0.00000           0.00000
   54.8414769146              0.00000           0.00000           0.00000
   55.5312998529              0.00000           0.00000           0.00000
   56.2297996957              0.00000           0.00000           0.00000
   56.9370855849              0.00000           0.00000           0.00000
   57.6532680354              0.00000           0.00000           0.00000
   58.3784589522              0.00000           0.00000           0.00000
   59.1127716477              0.00000           0.00000           0.00000
   59.8563208599              0.00000           0.00000           0.00000
   60.6092227698              0.00000           0.00000           0.00000
   61.3715950199              0.00000           0.00000           0.00000
   62.1435567324              0.00000           0.00000           0.00000
   62.9252285280              0.00000           0.00000           0.00000
   63.7167325443              0.00000           0.00000           0.00000
   64.5181924555              0.00000           0.00000           0.00000
   65.3297334914              0.00000           0.00000           0.00000
   66.1514824569              0.00000           0.00000           0.00000
   66.9835677519              0.00000           0.00000           0.00000
   67.8261193914              0.00000           0.00000           0.00000
   68.6792690260              0.00000           0.00000           0.00000
   69.5431499619              0.00000           0.00000           0.00000
   70.4178971822              0.00000           0.00000           0.00000
   71.3036473681              0.00000           0.00000           0.00000
   72.2005389198              0.00000           0.00000           0.00000
   73.1087119784              0.00000           0.00000           0.00000
   74.0283084478              0.00000           0.00000           0.00000
   74.9594720169              0.00000           0.00000           0.00000
   75.9023481817              0.00000           0.00000           0.00000
   76.8570842687              0.00000           0.00000           0.00000
   77.8238294574              0.00000           0.00000           0.00000
   78.8027348035              0.00000           0.00000           0.00000
   79.7939532631              0.00000           0.00000           0.00000
   80.7976397160              0.00000           0.00000           0.00000
   81.8139509904              0.00000           0.00000           0.00000
   82.8430458869              0.00000           0.00000           0.00000
   83.8850852036              0.00000           0.00000           0.00000
   84.9402317614              0.00000           0.00000           0.00000
   86.0086504291              0.00000           0.00000           0.00000
   87.0905081492              0.00000           0.00000           0.00000
   88.1859739642              0.00000           0.00000           0.00000
   89.2952190428              0.00000           0.00000           0.00000
   90.4184167069              0.00000           0.00000           0.00000
   91.5557424585              0.00000           0.00000           0.00000
   92.7073740068              0.00000           0.00000           0.00000
   93.8734912968              0.00000           0.00000           0.00000
   95.0542765367              0.00000           0.00000           0.00000
   96.2499142264              0.00000           0.00000           0.00000
   97.4605911869              0.00000           0.00000           0.00000
   98.6864965888              0.00000           0.00000           0.00000
   99.9278219825              0.00000           0.00000           0.00000
  101.1847613274              0.00000           0.00000           0.00000
  102.4575110230              0.00000           0.00000           0.00000
  103.7462699390              0.00000           0.00000           0.00000
  105.0512394465              0.00000           0.00000           0.00000
  106.3726234498              0.00000           0.00000           0.00000
  107.7106284177              0.00000           0.00000           0.00000
  109.0654634163              0.00000           0.00000           0.00000
  110.4373401412              0.00000           0.00000           0.00000
  111.8264729510              0.00000           0.00000           0.00000
  113.2330789006              0.00000           0.00000           0.00000
  114.6573777749              0.00000           0.00000           0.00000
  116.0995921236              0.00000           0.00000           0.00000
  117.5599472956              0.00000           0.00000           0.00000
  119.0386714744              0.00000           0.00000           0.00000
