 Raios
  0.207859094236E-05  0.418332734017E-05  0.631453806276E-05  0.847255611614E-05
  0.106577186950E-04  0.128703672355E-04  0.151108474685E-04  0.173795094735E-04
  0.196767077335E-04  0.220028011906E-04  0.243581533015E-04  0.267431320948E-04
  0.291581102283E-04  0.316034650471E-04  0.340795786431E-04  0.365868379140E-04
  0.391256346241E-04  0.416963654655E-04  0.442994321203E-04  0.469352413229E-04
  0.496042049238E-04  0.523067399540E-04  0.550432686901E-04  0.578142187203E-04
  0.606200230112E-04  0.634611199754E-04  0.663379535401E-04  0.692509732164E-04
  0.722006341695E-04  0.751873972900E-04  0.782117292656E-04  0.812741026544E-04
  0.843749959585E-04  0.875148936988E-04  0.906942864907E-04  0.939136711207E-04
  0.971735506242E-04  0.100474434364E-03  0.103816838110E-03  0.107201284120E-03
  0.110628301220E-03  0.114098424888E-03  0.117612197339E-03  0.121170167606E-03
  0.124772891629E-03  0.128420932343E-03  0.132114859759E-03  0.135855251063E-03
  0.139642690697E-03  0.143477770458E-03  0.147361089583E-03  0.151293254850E-03
  0.155274880667E-03  0.159306589171E-03  0.163389010325E-03  0.167522782016E-03
  0.171708550154E-03  0.175946968774E-03  0.180238700137E-03  0.184584414834E-03
  0.188984791894E-03  0.193440518883E-03  0.197952292018E-03  0.202520816273E-03
  0.207146805489E-03  0.211830982486E-03  0.216574079176E-03  0.221376836678E-03
  0.226240005433E-03  0.231164345320E-03  0.236150625778E-03  0.241199625923E-03
  0.246312134672E-03  0.251488950864E-03  0.256730883388E-03  0.262038751306E-03
  0.267413383983E-03  0.272855621218E-03  0.278366313369E-03  0.283946321495E-03
  0.289596517482E-03  0.295317784186E-03  0.301111015566E-03  0.306977116826E-03
  0.312917004556E-03  0.318931606877E-03  0.325021863581E-03  0.331188726284E-03
  0.337433158571E-03  0.343756136146E-03  0.350158646989E-03  0.356641691504E-03
  0.363206282680E-03  0.369853446249E-03  0.376584220842E-03  0.383399658157E-03
  0.390300823120E-03  0.397288794052E-03  0.404364662838E-03  0.411529535097E-03
  0.418784530354E-03  0.426130782217E-03  0.433569438554E-03  0.441101661669E-03
  0.448728628487E-03  0.456451530737E-03  0.464271575140E-03  0.472189983592E-03
  0.480207993361E-03  0.488326857277E-03  0.496547843930E-03  0.504872237864E-03
  0.513301339785E-03  0.521836466756E-03  0.530478952407E-03  0.539230147146E-03
  0.548091418363E-03  0.557064150651E-03  0.566149746018E-03  0.575349624105E-03
  0.584665222413E-03  0.594097996523E-03  0.603649420325E-03  0.613320986249E-03
  0.623114205495E-03  0.633030608276E-03  0.643071744048E-03  0.653239181760E-03
  0.663534510095E-03  0.673959337718E-03  0.684515293530E-03  0.695204026921E-03
  0.706027208027E-03  0.716986527992E-03  0.728083699232E-03  0.739320455702E-03
  0.750698553170E-03  0.762219769485E-03  0.773885904861E-03  0.785698782156E-03
  0.797660247155E-03  0.809772168862E-03  0.822036439789E-03  0.834454976254E-03
  0.847029718678E-03  0.859762631890E-03  0.872655705434E-03  0.885710953879E-03
  0.898930417134E-03  0.912316160767E-03  0.925870276327E-03  0.939594881673E-03
  0.953492121302E-03  0.967564166687E-03  0.981813216612E-03  0.996241497522E-03
  0.101085126386E-02  0.102564479844E-02  0.104062441278E-02  0.105579244747E-02
  0.107115127255E-02  0.108670328787E-02  0.110245092346E-02  0.111839663991E-02
  0.113454292880E-02  0.115089231299E-02  0.116744734712E-02  0.118421061794E-02
  0.120118474476E-02  0.121837237980E-02  0.123577620868E-02  0.125339895078E-02
  0.127124335969E-02  0.128931222363E-02  0.130760836589E-02  0.132613464530E-02
  0.134489395661E-02  0.136388923102E-02  0.138312343656E-02  0.140259957862E-02
  0.142232070040E-02  0.144228988334E-02  0.146251024769E-02  0.148298495291E-02
  0.150371719822E-02  0.152471022307E-02  0.154596730767E-02  0.156749177347E-02
  0.158928698373E-02  0.161135634398E-02  0.163370330261E-02  0.165633135138E-02
  0.167924402596E-02  0.170244490650E-02  0.172593761820E-02  0.174972583184E-02
  0.177381326437E-02  0.179820367950E-02  0.182290088828E-02  0.184790874971E-02
  0.187323117131E-02  0.189887210977E-02  0.192483557152E-02  0.195112561343E-02
  0.197774634335E-02  0.200470192083E-02  0.203199655774E-02  0.205963451891E-02
  0.208762012284E-02  0.211595774233E-02  0.214465180520E-02  0.217370679495E-02
  0.220312725147E-02  0.223291777178E-02  0.226308301071E-02  0.229362768164E-02
  0.232455655723E-02  0.235587447018E-02  0.238758631398E-02  0.241969704367E-02
  0.245221167662E-02  0.248513529330E-02  0.251847303810E-02  0.255223012011E-02
  0.258641181394E-02  0.262102346055E-02  0.265607046808E-02  0.269155831269E-02
  0.272749253944E-02  0.276387876312E-02  0.280072266914E-02  0.283803001446E-02
  0.287580662841E-02  0.291405841367E-02  0.295279134715E-02  0.299201148096E-02
  0.303172494333E-02  0.307193793956E-02  0.311265675301E-02  0.315388774608E-02
  0.319563736120E-02  0.323791212183E-02  0.328071863349E-02  0.332406358478E-02
  0.336795374845E-02  0.341239598240E-02  0.345739723085E-02  0.350296452532E-02
  0.354910498579E-02  0.359582582181E-02  0.364313433360E-02  0.369103791321E-02
  0.373954404568E-02  0.378866031018E-02  0.383839438124E-02  0.388875402990E-02
  0.393974712496E-02  0.399138163420E-02  0.404366562561E-02  0.409660726867E-02
  0.415021483562E-02  0.420449670276E-02  0.425946135173E-02  0.431511737087E-02
  0.437147345656E-02  0.442853841453E-02  0.448632116132E-02  0.454483072558E-02
  0.460407624957E-02  0.466406699051E-02  0.472481232207E-02  0.478632173584E-02
  0.484860484280E-02  0.491167137480E-02  0.497553118611E-02  0.504019425497E-02
  0.510567068510E-02  0.517197070734E-02  0.523910468119E-02  0.530708309648E-02
  0.537591657498E-02  0.544561587204E-02  0.551619187834E-02  0.558765562151E-02
  0.566001826792E-02  0.573329112436E-02  0.580748563988E-02  0.588261340752E-02
  0.595868616614E-02  0.603571580227E-02  0.611371435194E-02  0.619269400259E-02
  0.627266709495E-02  0.635364612498E-02  0.643564374581E-02  0.651867276974E-02
  0.660274617023E-02  0.668787708391E-02  0.677407881266E-02  0.686136482568E-02
  0.694974876158E-02  0.703924443054E-02  0.712986581644E-02  0.722162707904E-02
  0.731454255625E-02  0.740862676627E-02  0.750389440998E-02  0.760036037312E-02
  0.769803972871E-02  0.779694773934E-02  0.789709985958E-02  0.799851173842E-02
  0.810119922166E-02  0.820517835444E-02  0.831046538369E-02  0.841707676074E-02
  0.852502914383E-02  0.863433940074E-02  0.874502461142E-02  0.885710207066E-02
  0.897058929079E-02  0.908550400442E-02  0.920186416720E-02  0.931968796066E-02
  0.943899379499E-02  0.955980031197E-02  0.968212638788E-02  0.980599113640E-02
  0.993141391166E-02  0.100584143112E-01  0.101870121791E-01  0.103172276091E-01
  0.104490809476E-01  0.105825927969E-01  0.107177840185E-01  0.108546757363E-01
  0.109932893400E-01  0.111336464882E-01  0.112757691120E-01  0.114196794183E-01
  0.115653998934E-01  0.117129533064E-01  0.118623627129E-01  0.120136514584E-01
  0.121668431820E-01  0.123219618204E-01  0.124790316109E-01  0.126380770963E-01
  0.127991231275E-01  0.129621948685E-01  0.131273177995E-01  0.132945177212E-01
  0.134638207591E-01  0.136352533670E-01  0.138088423316E-01  0.139846147767E-01
  0.141625981669E-01  0.143428203126E-01  0.145253093738E-01  0.147100938648E-01
  0.148972026586E-01  0.150866649912E-01  0.152785104667E-01  0.154727690611E-01
  0.156694711279E-01  0.158686474021E-01  0.160703290054E-01  0.162745474510E-01
  0.164813346484E-01  0.166907229085E-01  0.169027449488E-01  0.171174338979E-01
  0.173348233017E-01  0.175549471275E-01  0.177778397702E-01  0.180035360572E-01
  0.182320712540E-01  0.184634810696E-01  0.186978016625E-01  0.189350696456E-01
  0.191753220925E-01  0.194185965431E-01  0.196649310097E-01  0.199143639824E-01
  0.201669344356E-01  0.204226818341E-01  0.206816461388E-01  0.209438678135E-01
  0.212093878308E-01  0.214782476788E-01  0.217504893673E-01  0.220261554348E-01
  0.223052889545E-01  0.225879335416E-01  0.228741333600E-01  0.231639331290E-01
  0.234573781303E-01  0.237545142153E-01  0.240553878122E-01  0.243600459330E-01
  0.246685361812E-01  0.249809067591E-01  0.252972064752E-01  0.256174847519E-01
  0.259417916333E-01  0.262701777932E-01  0.266026945425E-01  0.269393938376E-01
  0.272803282885E-01  0.276255511668E-01  0.279751164144E-01  0.283290786515E-01
  0.286874931854E-01  0.290504160192E-01  0.294179038603E-01  0.297900141294E-01
  0.301668049694E-01  0.305483352548E-01  0.309346646004E-01  0.313258533710E-01
  0.317219626905E-01  0.321230544519E-01  0.325291913266E-01  0.329404367743E-01
  0.333568550530E-01  0.337785112287E-01  0.342054711863E-01  0.346378016390E-01
  0.350755701393E-01  0.355188450895E-01  0.359676957522E-01  0.364221922612E-01
  0.368824056325E-01  0.373484077754E-01  0.378202715036E-01  0.382980705469E-01
  0.387818795623E-01  0.392717741460E-01  0.397678308450E-01  0.402701271691E-01
  0.407787416031E-01  0.412937536192E-01  0.418152436890E-01  0.423432932963E-01
  0.428779849501E-01  0.434194021969E-01  0.439676296343E-01  0.445227529239E-01
  0.450848588050E-01  0.456540351076E-01  0.462303707668E-01  0.468139558361E-01
  0.474048815020E-01  0.480032400977E-01  0.486091251180E-01  0.492226312337E-01
  0.498438543063E-01  0.504728914032E-01  0.511098408128E-01  0.517548020596E-01
  0.524078759203E-01  0.530691644388E-01  0.537387709430E-01  0.544168000601E-01
  0.551033577336E-01  0.557985512395E-01  0.565024892032E-01  0.572152816166E-01
  0.579370398547E-01  0.586678766939E-01  0.594079063288E-01  0.601572443906E-01
  0.609160079649E-01  0.616843156101E-01  0.624622873758E-01  0.632500448216E-01
  0.640477110363E-01  0.648554106568E-01  0.656732698878E-01  0.665014165216E-01
  0.673399799576E-01  0.681890912232E-01  0.690488829937E-01  0.699194896133E-01
  0.708010471161E-01  0.716936932472E-01  0.725975674844E-01  0.735128110599E-01
  0.744395669824E-01  0.753779800593E-01  0.763281969197E-01  0.772903660368E-01
  0.782646377515E-01  0.792511642957E-01  0.802500998163E-01  0.812616003989E-01
  0.822858240926E-01  0.833229309343E-01  0.843730829743E-01  0.854364443007E-01
  0.865131810661E-01  0.876034615127E-01  0.887074559991E-01  0.898253370266E-01
  0.909572792665E-01  0.921034595869E-01  0.932640570810E-01  0.944392530944E-01
  0.956292312540E-01  0.968341774961E-01  0.980542800962E-01  0.992897296976E-01
  0.100540719342      0.101807444499      0.103090103097      0.104388895554    
  0.105704024809      0.107035696354      0.108384118265      0.109749501235    
  0.111132058609      0.112532006413      0.113949563394      0.115384951046    
  0.116838393652      0.118310118316      0.119800354997      0.121309336548    
  0.122837298750      0.124384480350      0.125951123100      0.127537471789    
  0.129143774289      0.130770281586      0.132417247827      0.134084930353    
  0.135773589743      0.137483489853      0.139214897858      0.140968084296    
  0.142743323104      0.144540891667      0.146361070860      0.148204145088    
  0.150070402336      0.151960134210      0.153873635985      0.155811206650    
  0.157773148953      0.159759769453      0.161771378562      0.163808290599    
  0.165870823835      0.167959300545      0.170074047059      0.172215393809    
  0.174383675386      0.176579230587      0.178802402473      0.181053538419    
  0.183332990169      0.185641113893      0.187978270239      0.190344824392    
  0.192741146133      0.195167609890      0.197624594805      0.200112484785    
  0.202631668568      0.205182539783      0.207765497007      0.210380943834    
  0.213029288932      0.215710946111      0.218426334384      0.221175878037    
  0.223960006692      0.226779155374      0.229633764582      0.232524280352    
  0.235451154336      0.238414843862      0.241415812013      0.244454527696    
  0.247531465718      0.250647106855      0.253801937933      0.256996451901    
  0.260231147909      0.263506531383      0.266823114110      0.270181414311    
  0.273581956729      0.277025272705      0.280511900264      0.284042384199    
  0.287617276156      0.291237134717      0.294902525494      0.298614021211    
  0.302372201797      0.306177654475      0.310030973856      0.313932762028    
  0.317883628653      0.321884191062      0.325935074352      0.330036911481    
  0.334190343370      0.338396019000      0.342654595518      0.346966738334    
  0.351333121229      0.355754426460      0.360231344864      0.364764575970    
  0.369354828104      0.374002818501      0.378709273421      0.383474928255    
  0.388300527648      0.393186825609      0.398134585633      0.403144580816    
  0.408217593980      0.413354417795      0.418555854900      0.423822718028    
  0.429155830140      0.434556024544      0.440024145031      0.445561046007    
  0.451167592623      0.456844660915      0.462593137935      0.468413921894    
  0.474307922303      0.480276060110      0.486319267849      0.492438489784    
  0.498634682055      0.504908812831      0.511261862456      0.517694823609    
  0.524208701451      0.530804513791      0.537483291236      0.544246077359    
  0.551093928861      0.558027915730      0.565049121417      0.572158643000    
  0.579357591356      0.586647091334      0.594028281935      0.601502316484    
  0.609070362814      0.616733603449      0.624493235784      0.632350472279    
  0.640306540642      0.648362684026      0.656520161218      0.664780246843    
  0.673144231554      0.681613422241      0.690189142233      0.698872731503    
  0.707665546881      0.716568962260      0.725584368818      0.734713175231    
  0.743956807893      0.753316711140      0.762794347477      0.772391197803    
  0.782108761646      0.791948557395      0.801912122538      0.812001013902    
  0.822216807897      0.832561100762      0.843035508814      0.853641668699    
  0.864381237653      0.875255893754      0.886267336190      0.897417285522    
  0.908707483950      0.920139695593      0.931715706755      0.943437326213    
  0.955306385494      0.967324739161      0.979494265107      0.991816864846    
   1.00429446381       1.01692901165       1.02972248253       1.04267687547    
   1.05579421461       1.06907654957       1.08252595573       1.09614453459    
   1.10993441410       1.12389774893       1.13803672089       1.15235353923    
   1.16685044097       1.18152969129       1.19639358384       1.21144444115    
   1.22668461494       1.24211648651       1.25774246714       1.27356499840    
   1.28958655261       1.30580963316       1.32223677494       1.33887054473    
   1.35571354159       1.37276839727       1.39003777662       1.40752437802    
   1.42523093380       1.44316021062       1.46131500999       1.47969816862    
   1.49831255892       1.51716108942       1.53624670526       1.55557238858    
   1.57514115908       1.59495607441       1.61502023070       1.63533676300    
   1.65590884581       1.67673969358       1.69783256115       1.71919074433    
   1.74081758039       1.76271644856       1.78489077058       1.80734401123    
   1.83007967889       1.85310132603       1.87641254985       1.90001699277    
   1.92391834303       1.94812033527       1.97262675109       1.99744141968    
   2.02256821838       2.04801107329       2.07377395992       2.09986090377    
   2.12627598098       2.15302331896       2.18010709704       2.20753154710    
   2.23530095428       2.26341965760       2.29189205067       2.32072258236    
   2.34991575749       2.37947613757       2.40940834144       2.43971704610    
   2.47040698733       2.50148296049       2.53294982128       2.56481248646    
   2.59707593462       2.62974520700       2.66282540824       2.69632170719    
   2.73023933772       2.76458359951       2.79935985894       2.83457354986    
   2.87023017449       2.90633530424       2.94289458061       2.97991371607    
   3.01739849494       3.05535477428       3.09378848484       3.13270563196    
   3.17211229653       3.21201463593       3.25241888496       3.29333135689    
   3.33475844436       3.37670662044       3.41918243963       3.46219253884    
   3.50574363851       3.54984254357       3.59449614457       3.63971141873    
   3.68549543102       3.73185533530       3.77879837538       3.82633188622    
   3.87446329502       3.92320012241       3.97254998363       4.02252058968    
   4.07311974858       4.12435536655       4.17623544925       4.22876810306    
   4.28196153632       4.33582406059       4.39036409202       4.44559015258    
   4.50151087148       4.55813498643       4.61547134506       4.67352890630    
   4.73231674176       4.79184403717       4.85212009377       4.91315432983    
   4.97495628207       5.03753560717       5.10090208328       5.16506561154    
   5.23003621763       5.29582405334       5.36243939815       5.42989266085    
   5.49819438115       5.56735523132       5.63738601790       5.70829768333    
   5.78010130772       5.85280811051       5.92642945229       6.00097683656    
   6.07646191148       6.15289647177       6.23029246046       6.30866197085    
   6.38801724833       6.46837069232       6.54973485821       6.63212245932    
   6.71554636887       6.80001962203       6.88555541792       6.97216712166    
   7.05986826653       7.14867255599       7.23859386591       7.32964624666    
   7.42184392538       7.51520130813       7.60973298219       7.70545371833    
   7.80237847312       7.90052239124       7.99990080787       8.10052925110    
   8.20242344433       8.30559930873       8.41007296575       8.51586073959    
   8.62297915982       8.73144496391       8.84127509986       8.95248672885    
   9.06509722793       9.17912419271       9.29458544015       9.41149901129    
   9.52988317412       9.64975642640       9.77113749858       9.89404535669    
   10.0184992053       10.1445184907       10.2721229035       10.4013323823    
   10.5321671162       10.6646475485       10.7987943795       10.9346285698    
   11.0721713440       11.2114441933       11.3524688794       11.4952674376    
   11.6398621806       11.7862757016       11.9345308780       12.0846508749    
   12.2366591489       12.3905794516       12.5464358334       12.7042526471    
   12.8640545520       13.0258665174       13.1897138267       13.3556220815    
   13.5236172052       13.6937254475       13.8659733881       14.0403879410    
   14.2169963589       14.3958262372       14.5769055185       14.7602624968    
   14.9459258219       15.1339245042       15.3242879188       15.5170458104    
   15.7122282977       15.9098658786       16.1099894341       16.3126302341    
   16.5178199416       16.7255906179       16.9359747276       17.1490051436    
   17.3647151523       17.5831384590       17.8043091926       18.0282619116    
   18.2550316090       18.4846537181       18.7171641177       18.9525991381    
   19.1909955665       19.4323906529       19.6768221156       19.9243281477    
   20.1749474223       20.4287190994       20.6856828312       20.9458787689    
   21.2093475686       21.4761303978       21.7462689418       22.0198054105    
   22.2967825444       22.5772436217       22.8612324651       23.1487934484    
   23.4399715036       23.7348121279       24.0333613907       24.3356659409    
   24.6417730142       24.9517304405       25.2655866513       25.5833906873    
   25.9051922059       26.2310414893       26.5609894521       26.8950876494    
   27.2333882846       27.5759442181       27.9228089747       28.2740367528    
   28.6296824326       28.9898015843       29.3544504773       29.7236860887    
   30.0975661124       30.4761489678       30.8594938093       31.2476605353    
   31.6407097977       32.0387030112       32.4417023631       32.8497708227    
   33.2629721517       33.6813709136       34.1050324841       34.5340230611    
   34.9684096752       35.4082602004       35.8536433640       36.3046287583    
   36.7612868504       37.2236889942       37.6919074410       38.1660153508    
   38.6460868039       39.1321968126       39.6244213325       40.1228372747    
   40.6275225176       41.1385559194       41.6560173301       42.1799876040    
   42.7105486127       43.2477832572       43.7917754818       44.3426102861    
   44.9003737394       45.4651529932       46.0370362955       46.6161130042    
   47.2024736013       47.7962097067       48.3974140929       49.0061806993    
   49.6226046470       50.2467822535       50.8788110477       51.5187897855    
   52.1668184649       52.8229983416       53.4874319450       54.1602230944    
   54.8414769146       55.5312998529       56.2297996957       56.9370855849    
   57.6532680354       58.3784589522       59.1127716477       59.8563208599    
   60.6092227698       61.3715950199       62.1435567324       62.9252285280    
   63.7167325443       64.5181924555       65.3297334914       66.1514824569    
   66.9835677519       67.8261193914       68.6792690260       69.5431499619    
   70.4178971822       71.3036473681       72.2005389198       73.1087119784    
   74.0283084478       74.9594720169       75.9023481817       76.8570842687    
   77.8238294574       78.8027348035       79.7939532631       80.7976397160    
   81.8139509904       82.8430458869       83.8850852036       84.9402317614    
   86.0086504291       87.0905081492       88.1859739642       89.2952190428    
   90.4184167069       91.5557424585       92.7073740068       93.8734912968    
   95.0542765367       96.2499142264       97.4605911869       98.6864965888    
   99.9278219825       101.184761327       102.457511023       103.746269939    
   105.051239447       106.372623450       107.710628418       109.065463416    
   110.437340141       111.826472951       113.233078901       114.657377775    
   116.099592124       117.559947296       119.038671474    
Down potential follows (l on next line)
 0
  -29.9558876478      -30.0950934429      -29.9299752313      -29.9365495233    
  -29.9849384218      -30.0112122977      -29.9820587597      -30.0004749332    
  -30.0045095313      -30.0039304841      -30.0080144276      -30.0096045825    
  -30.0121328557      -30.0143971254      -30.0167421504      -30.0190422434    
  -30.0212888233      -30.0234538885      -30.0255096188      -30.0274377111    
  -30.0292215253      -30.0308511277      -30.0323210928      -30.0336309788    
  -30.0347845997      -30.0357894881      -30.0366562290      -30.0373977714    
  -30.0380287575      -30.0385648805      -30.0390222989      -30.0394171169    
  -30.0397649377      -30.0400804955      -30.0403773633      -30.0406677356    
  -30.0409622789      -30.0412700462      -30.0415984451      -30.0419532545    
  -30.0423386800      -30.0427574421      -30.0432108879      -30.0436991212    
  -30.0442211445      -30.0447750061      -30.0453579506      -30.0459665651    
  -30.0465969210      -30.0472447078      -30.0479053558      -30.0485741483    
  -30.0492463216      -30.0499171522      -30.0505820310      -30.0512365265    
  -30.0518764346      -30.0524978191      -30.0530970409      -30.0536707786    
  -30.0542160408      -30.0547301715      -30.0552108493      -30.0556560811    
  -30.0560641923      -30.0564338129      -30.0567638618      -30.0570535279    
  -30.0573022516      -30.0575097039      -30.0576757661      -30.0578005095    
  -30.0578841750      -30.0579271537      -30.0579299680      -30.0578932543    
  -30.0578177457      -30.0577042567      -30.0575536689      -30.0573669173    
  -30.0571449789      -30.0568888610      -30.0565995918      -30.0562782115    
  -30.0559257646      -30.0555432926      -30.0551318288      -30.0546923921    
  -30.0542259836      -30.0537335819      -30.0532161406      -30.0526745855    
  -30.0521098124      -30.0515226855      -30.0509140363      -30.0502846626    
  -30.0496353280      -30.0489667612      -30.0482796568      -30.0475746743    
  -30.0468524395      -30.0461135441      -30.0453585467      -30.0445879735    
  -30.0438023189      -30.0430020462      -30.0421875889      -30.0413593513    
  -30.0405177095      -30.0396630123      -30.0387955824      -30.0379157170    
  -30.0370236894      -30.0361197490      -30.0352041233      -30.0342770179    
  -30.0333386180      -30.0323890891      -30.0314285779      -30.0304572129    
  -30.0294751056      -30.0284823507      -30.0274790276      -30.0264652005    
  -30.0254409191      -30.0244062197      -30.0233611255      -30.0223056471    
  -30.0212397834      -30.0201635218      -30.0190768390      -30.0179797012    
  -30.0168720649      -30.0157538771      -30.0146250757      -30.0134855899    
  -30.0123353409      -30.0111742418      -30.0100021981      -30.0088191080    
  -30.0076248630      -30.0064193476      -30.0052024400      -30.0039740121    
  -30.0027339299      -30.0014820538      -30.0002182383      -29.9989423328    
  -29.9976541815      -29.9963536235      -29.9950404929      -29.9937146195    
  -29.9923758280      -29.9910239389      -29.9896587683      -29.9882801279    
  -29.9868878256      -29.9854816647      -29.9840614450      -29.9826269621    
  -29.9811780078      -29.9797143701      -29.9782358333      -29.9767421780    
  -29.9752331812      -29.9737086162      -29.9721682529      -29.9706118573    
  -29.9690391923      -29.9674500171      -29.9658440875      -29.9642211556    
  -29.9625809704      -29.9609232772      -29.9592478180      -29.9575543311    
  -29.9558425516      -29.9541122111      -29.9523630377      -29.9505947559    
  -29.9488070870      -29.9469997484      -29.9451724543      -29.9433249152    
  -29.9414568381      -29.9395679263      -29.9376578795      -29.9357263938    
  -29.9337731616      -29.9317978715      -29.9298002086      -29.9277798539    
  -29.9257364848      -29.9236697746      -29.9215793930      -29.9194650056    
  -29.9173262740      -29.9151628558      -29.9129744044      -29.9107605694    
  -29.9085209960      -29.9062553251      -29.9039631935      -29.9016442337    
  -29.8992980737      -29.8969243371      -29.8945226432      -29.8920926064    
  -29.8896338369      -29.8871459401      -29.8846285166      -29.8820811623    
  -29.8795034683      -29.8768950208      -29.8742554011      -29.8715841854    
  -29.8688809448      -29.8661452453      -29.8633766478      -29.8605747077    
  -29.8577389752      -29.8548689951      -29.8519643066      -29.8490244435    
  -29.8460489338      -29.8430372999      -29.8399890585      -29.8369037203    
  -29.8337807901      -29.8306197668      -29.8274201432      -29.8241814057    
  -29.8209030349      -29.8175845048      -29.8142252830      -29.8108248307    
  -29.8073826026      -29.8038980466      -29.8003706040      -29.7967997092    
  -29.7931847898      -29.7895252664      -29.7858205525      -29.7820700543    
  -29.7782731710      -29.7744292944      -29.7705378086      -29.7665980907    
  -29.7626095096      -29.7585714268      -29.7544831961      -29.7503441632    
  -29.7461536659      -29.7419110338      -29.7376155884      -29.7332666429    
  -29.7288635021      -29.7244054623      -29.7198918113      -29.7153218280    
  -29.7106947827      -29.7060099368      -29.7012665426      -29.6964638432    
  -29.6916010727      -29.6866774558      -29.6816922078      -29.6766445343    
  -29.6715336315      -29.6663586856      -29.6611188732      -29.6558133606    
  -29.6504413044      -29.6450018507      -29.6394941353      -29.6339172838    
  -29.6282704111      -29.6225526215      -29.6167630084      -29.6109006545    
  -29.6049646315      -29.5989539998      -29.5928678087      -29.5867050963    
  -29.5804648889      -29.5741462015      -29.5677480373      -29.5612693877    
  -29.5547092322      -29.5480665381      -29.5413402607      -29.5345293430    
  -29.5276327155      -29.5206492963      -29.5135779907      -29.5064176915    
  -29.4991672783      -29.4918256180      -29.4843915641      -29.4768639573    
  -29.4692416245      -29.4615233794      -29.4537080221      -29.4457943390    
  -29.4377811027      -29.4296670718      -29.4214509911      -29.4131315912    
  -29.4047075882      -29.3961776841      -29.3875405665      -29.3787949082    
  -29.3699393676      -29.3609725882      -29.3518931985      -29.3426998122    
  -29.3333910280      -29.3239654293      -29.3144215842      -29.3047580456    
  -29.2949733509      -29.2850660220      -29.2750345651      -29.2648774708    
  -29.2545932140      -29.2441802536      -29.2336370326      -29.2229619782    
  -29.2121535013      -29.2012099969      -29.1901298437      -29.1789114043    
  -29.1675530248      -29.1560530351      -29.1444097489      -29.1326214631    
  -29.1206864585      -29.1086029993      -29.0963693332      -29.0839836913    
  -29.0714442884      -29.0587493226      -29.0458969754      -29.0328854118    
  -29.0197127804      -29.0063772130      -28.9928768253      -28.9792097162    
  -28.9653739682      -28.9513676476      -28.9371888040      -28.9228354712    
  -28.9083056662      -28.8935973904      -28.8787086286      -28.8636373500    
  -28.8483815076      -28.8329390387      -28.8173078651      -28.8014858927    
  -28.7854710122      -28.7692610988      -28.7528540127      -28.7362475990    
  -28.7194396879      -28.7024280950      -28.6852106216      -28.6677850544    
  -28.6501491661      -28.6323007156      -28.6142374482      -28.5959570957    
  -28.5774573767      -28.5587359970      -28.5397906497      -28.5206190155    
  -28.5012187632      -28.4815875496      -28.4617230203      -28.4416228094    
  -28.4212845407      -28.4007058271      -28.3798842716      -28.3588174674    
  -28.3375029985      -28.3159384397      -28.2941213574      -28.2720493098    
  -28.2497198474      -28.2271305132      -28.2042788436      -28.1811623684    
  -28.1577786116      -28.1341250915      -28.1101993217      -28.0859988110    
  -28.0615210643      -28.0367635830      -28.0117238654      -27.9863994075    
  -27.9607877032      -27.9348862449      -27.9086925243      -27.8822040326    
  -27.8554182614      -27.8283327028      -27.8009448504      -27.7732521995    
  -27.7452522481      -27.7169424968      -27.6883204501      -27.6593836164    
  -27.6301295088      -27.6005556457      -27.5706595510      -27.5404387553    
  -27.5098907956      -27.4790132167      -27.4478035711      -27.4162594197    
  -27.3843783323      -27.3521578882      -27.3195956767      -27.2866892971    
  -27.2534363598      -27.2198344865      -27.1858813103      -27.1515744764    
  -27.1169116427      -27.0818904795      -27.0465086705      -27.0107639125    
  -26.9746539163      -26.9381764063      -26.9013291214      -26.8641098145    
  -26.8265162531      -26.7885462193      -26.7501975100      -26.7114679367    
  -26.6723553256      -26.6328575179      -26.5929723692      -26.5526977498    
  -26.5120315445      -26.4709716522      -26.4295159860      -26.3876624727    
  -26.3454090526      -26.3027536792      -26.2596943187      -26.2162289497    
  -26.1723555627      -26.1280721595      -26.0833767531      -26.0382673663    
  -25.9927420322      -25.9467987927      -25.9004356982      -25.8536508069    
  -25.8064421842      -25.7588079020      -25.7107460377      -25.6622546738    
  -25.6133318973      -25.5639757986      -25.5141844709      -25.4639560100    
  -25.4132885129      -25.3621800780      -25.3106288038      -25.2586327890    
  -25.2061901318      -25.1532989293      -25.0999572778      -25.0461632721    
  -24.9919150057      -24.9372105707      -24.8820480581      -24.8264255580    
  -24.7703411602      -24.7137929544      -24.6567790317      -24.5992974849    
  -24.5413464100      -24.4829239075      -24.4240280838      -24.3646570532    
  -24.3048089395      -24.2444818784      -24.1836740197      -24.1223835297    
  -24.0606085940      -23.9983474204      -23.9355982413      -23.8723593172    
  -23.8086289394      -23.7444054331      -23.6796871600      -23.6144725217    
  -23.5487599612      -23.4825479661      -23.4158350695      -23.3486198517    
  -23.2809009405      -23.2126770108      -23.1439467832      -23.0747090216    
  -23.0049625294      -22.9347061438      -22.8639387290      -22.7926591665    
  -22.7208663443      -22.6485591431      -22.5757364199      -22.5023969889    
  -22.4285395999      -22.3541629131      -22.2792654715      -22.2038456696    
  -22.1279017199      -22.0514316161      -21.9744330949      -21.8969035955    
  -21.8188402185      -21.7402396855      -21.6610982994      -21.5814119094    
  -21.5011758805      -21.4203850718      -21.3390338258      -21.2571159723    
  -21.1746248521      -21.0915533624      -21.0078940338      -20.9236391357    
  -20.8387808279      -20.7533113536      -20.6672232750      -20.5805097752    
  -20.4931650088      -20.4051845065      -20.3165656404      -20.2273081333    
  -20.1374146089      -20.0468911667      -19.9557479610      -19.8639997611    
  -19.7716664628      -19.6787735180      -19.5853522464      -19.4914399937    
  -19.3970801025      -19.3023216653      -19.2072190377      -19.1118311014    
  -19.0162202745      -18.9204512850      -18.8245897329      -18.7287004828    
  -18.6328459368      -18.5370842513      -18.4414675635      -18.3460403020    
  -18.2508376545      -18.1558842692      -18.0611932598      -17.9667655826    
  -17.8725898409      -17.7786425583      -17.6848889413      -17.5912841214    
  -17.4977748350      -17.4043014639      -17.3108003246      -17.2172060715    
  -17.1234540651      -17.0294825584      -16.9352345761      -16.8406593900    
  -16.7457135386      -16.6503613788      -16.5545752008      -16.4583349666    
  -16.3616277540      -16.2644469971      -16.1667916110      -16.0686650809    
  -15.9700745792      -15.8710301572      -15.7715440426      -15.6716300569    
  -15.5713031566      -15.4705790904      -15.3694741609      -15.2680050739    
  -15.1661888582      -15.0640428376      -14.9615846398      -14.8588322285    
  -14.7558039448      -14.6525185524      -14.5489952754      -14.4452538281    
  -14.3413144305      -14.2371978105      -14.1329251916      -14.0285182658    
  -13.9239991560      -13.8193903652      -13.7147147187      -13.6099952974    
  -13.5052553669      -13.4005183021      -13.2958075095      -13.1911463484    
  -13.0865580526      -12.9820656520      -12.8776918962      -12.7734591806    
  -12.6693894742      -12.5655042504      -12.4618244213      -12.3583702749    
  -12.2551614155      -12.1522167079      -12.0495542251      -11.9471911997    
  -11.8451439795      -11.7434279866      -11.6420576811      -11.5410465290    
  -11.4404069754      -11.3401504215      -11.2402872084      -11.1408266053    
  -11.0417768045      -10.9431449226      -10.8449370094      -10.7471580632    
  -10.6498120552      -10.5529019623      -10.4564298092      -10.3603967202    
  -10.2648029817      -10.1696481159      -10.0749309659      -9.98064979252    
  -9.88680238413      -9.79338617830      -9.70039839614      -9.60783618852    
  -9.51569679364      -9.42397770467      -9.33267684587      -9.24179275482    
  -9.15132476784      -9.06127320476      -8.97163954847      -8.88242661349    
  -8.79363869722      -8.70528170639      -8.61736324956      -8.52989268804    
  -8.44288113347      -8.35634138118      -8.27028777231      -8.18473596945    
  -8.09970263708      -8.01520501830      -7.93126039701      -7.84788543887    
  -7.76509540397      -7.68290322586      -7.60131845350      -7.52034605111    
  -7.43998506020      -7.36022711573      -7.28105482977      -7.20244006045    
  -7.12434207371      -7.04670566728      -6.96945933881      -6.89251363444    
  -6.81575991142      -6.73906984723      -6.66229617631      -6.58527530082    
  -6.50783259214      -6.42979133196      -6.35098626370      -6.27128253638    
  -6.19060029626      -6.10894419656      -6.02643559055      -5.94334323485    
  -5.86010628272      -5.77734181244      -5.69582896960      -5.61646385767    
  -5.54018403131      -5.46786842028      -5.40022624584      -5.33769462151    
  -5.28036651536      -5.22796687355      -5.17988501081      -5.13525816405    
  -5.09308850954      -5.05236842184      -5.01218899593      -4.97181432739    
  -4.93071527338      -4.88856692734      -4.84522060861      -4.80066294113    
  -4.75497270367      -4.70828251549      -4.66074875478      -4.61253033397    
  -4.56377531604      -4.51461366911      -4.46515439114      -4.41548548947    
  -4.36567565612      -4.31577682193      -4.26582704894      -4.21585342410    
  -4.16587475644      -4.11590397159      -4.06595015588      -4.01602023955    
  -3.96612033118      -3.91625673032      -3.86643665331      -3.81666871175    
  -3.76696318431      -3.71733212167      -3.66778932137      -3.61835020624    
  -3.56903163503      -3.51985166984      -3.47082931989      -3.42198427732    
  -3.37333665665      -3.32490674636      -3.27671477824      -3.22878071804    
  -3.18112407928      -3.13376376056      -3.08671790616      -3.04000378891    
  -2.99363771383      -2.94763494127      -2.90200962764      -2.85677478256    
  -2.81194224068      -2.76752264721      -2.72352545586      -2.67995893853    
  -2.63683020583      -2.59414523807      -2.55190892647      -2.51012512379    
  -2.46879670512      -2.42792563829      -2.38751306330      -2.34755938182    
  -2.30806435622      -2.26902721752      -2.23044678248      -2.19232157900    
  -2.15464997905      -2.11743033816      -2.08066113984      -2.04434114324    
  -2.00846953185      -1.97304606057      -1.93807119817      -1.90354626191    
  -1.86947354065      -1.83585640268      -1.80269938449      -1.77000825675    
  -1.73779006381      -1.70605313385      -1.67480705688      -1.64406262882    
  -1.61383176074      -1.58412735293      -1.55496313502      -1.52635347382    
  -1.49831315209      -1.47085712169      -1.44400023611      -1.41775696698    
  -1.39214111254      -1.36716549804      -1.34284168162      -1.31917966723    
  -1.29618762793      -1.27387164998      -1.25223549694      -1.23128040047    
  -1.21100487948      -1.19140459035      -1.17247220984      -1.15419735183    
  -1.13656651857      -1.11956308670      -1.10316732805      -1.08735646498    
  -1.07210475998      -1.05738363900      -1.04316184805      -1.02940564240    
  -1.01607900778      -1.00314391263     -0.990560590263     -0.978287849429    
 -0.966283411421     -0.954504271067     -0.942907078473     -0.931448537540    
 -0.920085816495     -0.908776964904     -0.897481330865     -0.886159971478    
 -0.874776049205     -0.863295206476     -0.851685910945     -0.839919764062    
 -0.827971766271     -0.815820533026     -0.803448456991     -0.790841813186    
 -0.777990805377     -0.764889553627     -0.751536024577     -0.737931907508    
 -0.724082440702     -0.709996193719     -0.695684812169     -0.681162732157    
 -0.666446871923     -0.651556308225     -0.636511944815     -0.621336179888    
 -0.606052578776     -0.590685557371     -0.575260080935     -0.559801382054    
 -0.544334700588     -0.528885047638     -0.513476994735     -0.498134488749    
 -0.482880692394     -0.467737849686     -0.452727175273     -0.437868766262    
 -0.423181534889     -0.408683160264     -0.394390057303     -0.380317360967    
 -0.366478923919     -0.352887325794     -0.339553892366     -0.326488722999    
 -0.313700724910     -0.301197652896     -0.288986153318     -0.277071811278    
 -0.265459200049     -0.254151931936     -0.243152709903     -0.232463379337    
 -0.222084979510     -0.212017794299     -0.202261401867     -0.192814723052    
 -0.183676068263     -0.174843182757     -0.166313290188     -0.158083134382    
 -0.150149019305     -0.142506847217     -0.135152155035     -0.128080148934    
 -0.121285737229     -0.114763561598     -0.108508026690     -0.102513328193    
 -0.967734794248E-01 -0.912823364997E-01 -0.860336221462E-01 -0.810209482306E-01
 -0.762378370479E-01 -0.716777414342E-01 -0.673340637543E-01 -0.632001738107E-01
 -0.592694257269E-01 -0.555351738389E-01 -0.519907876361E-01 -0.486296657940E-01
 -0.454452493196E-01 -0.424310338523E-01 -0.395805811408E-01 -0.368875297211E-01
 -0.343456048254E-01 -0.319486275387E-01 -0.296905232294E-01 -0.275653292658E-01
 -0.255672020538E-01 -0.236904233922E-01 -0.219294061845E-01 -0.202786995162E-01
 -0.187329931139E-01 -0.172871212135E-01 -0.159360658428E-01 -0.146749595543E-01
 -0.134990876132E-01 -0.124038896715E-01 -0.113849609574E-01 -0.104380528197E-01
 -0.955907351896E-02 -0.874408777801E-02 -0.798931168292E-02 -0.729112552286E-02
 -0.664606487172E-02 -0.656752183255E-02 -0.665011677468E-02 -0.673376508269E-02
 -0.681846821071E-02 -0.690423539059E-02 -0.699108146470E-02 -0.707901967698E-02
 -0.716806388431E-02 -0.725822802928E-02 -0.734952622608E-02 -0.744197275941E-02
 -0.753558208825E-02 -0.763036884945E-02 -0.772634786121E-02 -0.782353412622E-02
 -0.792194283375E-02 -0.802158936307E-02 -0.812248928647E-02 -0.822465837100E-02
 -0.832811258179E-02 -0.843286808492E-02 -0.853894124845E-02 -0.864634864751E-02
 -0.875510706438E-02 -0.886523349376E-02 -0.897674514298E-02 -0.908965943548E-02
 -0.920399401497E-02 -0.931976674633E-02 -0.943699571938E-02 -0.955569925101E-02
 -0.967589588965E-02 -0.979760441560E-02 -0.992084384628E-02 -0.100456334383E-01
 -0.101719926903E-01 -0.102999413459E-01 -0.104294993976E-01 -0.105606870887E-01
 -0.106935249181E-01 -0.108280336417E-01 -0.109642342768E-01 -0.111021481045E-01
 -0.112417966752E-01 -0.113832018082E-01 -0.115263855990E-01 -0.116713704205E-01
 -0.118181789261E-01 -0.119668340555E-01 -0.121173590364E-01 -0.122697773885E-01
 -0.124241129272E-01 -0.125803897682E-01 -0.127386323297E-01 -0.128988653375E-01
 -0.130611138288E-01 -0.132254031546E-01 -0.133917589859E-01 -0.135602073159E-01
 -0.137307744647E-01 -0.139034870847E-01 -0.140783721614E-01 -0.142554570219E-01
 -0.144347693360E-01 -0.146163371210E-01 -0.148001887478E-01 -0.149863529435E-01
 -0.151748587963E-01 -0.153657357606E-01 -0.155590136616E-01 -0.157547226996E-01
 -0.159528934541E-01 -0.161535568898E-01 -0.163567443610E-01 -0.165624876159E-01
 -0.167708188023E-01 -0.169817704723E-01 -0.171953755876E-01 -0.174116675245E-01
 -0.176306800792E-01 -0.178524474733E-01 -0.180770043572E-01 -0.183043858186E-01
 -0.185346273871E-01 -0.187677650386E-01 -0.190038351997E-01 -0.192428747585E-01
 -0.194849210645E-01 -0.197300119382E-01 -0.199781856763E-01 -0.202294810552E-01
 -0.204839373410E-01 -0.207415942926E-01 -0.210024921695E-01 -0.212666717383E-01
 -0.215341742762E-01 -0.218050415824E-01 -0.220793159804E-01 -0.223570403245E-01
 -0.226382580113E-01 -0.229230129810E-01 -0.232113497274E-01 -0.235033133041E-01
 -0.237989493296E-01 -0.240983039998E-01 -0.244014240866E-01 -0.247083569561E-01
 -0.250191505653E-01 -0.253338534767E-01 -0.256525148633E-01 -0.259751845170E-01
 -0.263019128549E-01 -0.266327509296E-01 -0.269677504352E-01 -0.273069637160E-01
 -0.276504437746E-01 -0.279982442795E-01 -0.283504195770E-01 -0.287070246943E-01
 -0.290681153517E-01 -0.294337479715E-01 -0.298039796817E-01 -0.301788683344E-01
 -0.305584725060E-01 -0.309428515103E-01 -0.313320654066E-01 -0.317261750117E-01
 -0.321252419049E-01 -0.325293284426E-01 -0.329384977617E-01 -0.333528137986E-01
 -0.337723412887E-01 -0.341971457863E-01 -0.346272936653E-01 -0.350628521401E-01
 -0.355038892650E-01 -0.359504739539E-01 -0.364026759873E-01 -0.368605660219E-01
 -0.373242156036E-01 -0.377936971793E-01 -0.382690841065E-01 -0.387504506643E-01
 -0.392378720696E-01 -0.397314244799E-01 -0.402311850157E-01 -0.407372317646E-01
 -0.412496437996E-01 -0.417685011833E-01 -0.422938849902E-01
Up potential follows (l on next line)
 0
  -29.9558876478      -30.0950934429      -29.9299752313      -29.9365495233    
  -29.9849384218      -30.0112122977      -29.9820587597      -30.0004749332    
  -30.0045095313      -30.0039304841      -30.0080144276      -30.0096045825    
  -30.0121328557      -30.0143971254      -30.0167421504      -30.0190422434    
  -30.0212888233      -30.0234538885      -30.0255096188      -30.0274377111    
  -30.0292215253      -30.0308511277      -30.0323210928      -30.0336309788    
  -30.0347845997      -30.0357894881      -30.0366562290      -30.0373977714    
  -30.0380287575      -30.0385648805      -30.0390222989      -30.0394171169    
  -30.0397649377      -30.0400804955      -30.0403773633      -30.0406677356    
  -30.0409622789      -30.0412700462      -30.0415984451      -30.0419532545    
  -30.0423386800      -30.0427574421      -30.0432108879      -30.0436991212    
  -30.0442211445      -30.0447750061      -30.0453579506      -30.0459665651    
  -30.0465969210      -30.0472447078      -30.0479053558      -30.0485741483    
  -30.0492463216      -30.0499171522      -30.0505820310      -30.0512365265    
  -30.0518764346      -30.0524978191      -30.0530970409      -30.0536707786    
  -30.0542160408      -30.0547301715      -30.0552108493      -30.0556560811    
  -30.0560641923      -30.0564338129      -30.0567638618      -30.0570535279    
  -30.0573022516      -30.0575097039      -30.0576757661      -30.0578005095    
  -30.0578841750      -30.0579271537      -30.0579299680      -30.0578932543    
  -30.0578177457      -30.0577042567      -30.0575536689      -30.0573669173    
  -30.0571449789      -30.0568888610      -30.0565995918      -30.0562782115    
  -30.0559257646      -30.0555432926      -30.0551318288      -30.0546923921    
  -30.0542259836      -30.0537335819      -30.0532161406      -30.0526745855    
  -30.0521098124      -30.0515226855      -30.0509140363      -30.0502846626    
  -30.0496353280      -30.0489667612      -30.0482796568      -30.0475746743    
  -30.0468524395      -30.0461135441      -30.0453585467      -30.0445879735    
  -30.0438023189      -30.0430020462      -30.0421875889      -30.0413593513    
  -30.0405177095      -30.0396630123      -30.0387955824      -30.0379157170    
  -30.0370236894      -30.0361197490      -30.0352041233      -30.0342770179    
  -30.0333386180      -30.0323890891      -30.0314285779      -30.0304572129    
  -30.0294751056      -30.0284823507      -30.0274790276      -30.0264652005    
  -30.0254409191      -30.0244062197      -30.0233611255      -30.0223056471    
  -30.0212397834      -30.0201635218      -30.0190768390      -30.0179797012    
  -30.0168720649      -30.0157538771      -30.0146250757      -30.0134855899    
  -30.0123353409      -30.0111742418      -30.0100021981      -30.0088191080    
  -30.0076248630      -30.0064193476      -30.0052024400      -30.0039740121    
  -30.0027339299      -30.0014820538      -30.0002182383      -29.9989423328    
  -29.9976541815      -29.9963536235      -29.9950404929      -29.9937146195    
  -29.9923758280      -29.9910239389      -29.9896587683      -29.9882801279    
  -29.9868878256      -29.9854816647      -29.9840614450      -29.9826269621    
  -29.9811780078      -29.9797143701      -29.9782358333      -29.9767421780    
  -29.9752331812      -29.9737086162      -29.9721682529      -29.9706118573    
  -29.9690391923      -29.9674500171      -29.9658440875      -29.9642211556    
  -29.9625809704      -29.9609232772      -29.9592478180      -29.9575543311    
  -29.9558425516      -29.9541122111      -29.9523630377      -29.9505947559    
  -29.9488070870      -29.9469997484      -29.9451724543      -29.9433249152    
  -29.9414568381      -29.9395679263      -29.9376578795      -29.9357263938    
  -29.9337731616      -29.9317978715      -29.9298002086      -29.9277798539    
  -29.9257364848      -29.9236697746      -29.9215793930      -29.9194650056    
  -29.9173262740      -29.9151628558      -29.9129744044      -29.9107605694    
  -29.9085209960      -29.9062553251      -29.9039631935      -29.9016442337    
  -29.8992980737      -29.8969243371      -29.8945226432      -29.8920926064    
  -29.8896338369      -29.8871459401      -29.8846285166      -29.8820811623    
  -29.8795034683      -29.8768950208      -29.8742554011      -29.8715841854    
  -29.8688809448      -29.8661452453      -29.8633766478      -29.8605747077    
  -29.8577389752      -29.8548689951      -29.8519643066      -29.8490244435    
  -29.8460489338      -29.8430372999      -29.8399890585      -29.8369037203    
  -29.8337807901      -29.8306197668      -29.8274201432      -29.8241814057    
  -29.8209030349      -29.8175845048      -29.8142252830      -29.8108248307    
  -29.8073826026      -29.8038980466      -29.8003706040      -29.7967997092    
  -29.7931847898      -29.7895252664      -29.7858205525      -29.7820700543    
  -29.7782731710      -29.7744292944      -29.7705378086      -29.7665980907    
  -29.7626095096      -29.7585714268      -29.7544831961      -29.7503441632    
  -29.7461536659      -29.7419110338      -29.7376155884      -29.7332666429    
  -29.7288635021      -29.7244054623      -29.7198918113      -29.7153218280    
  -29.7106947827      -29.7060099368      -29.7012665426      -29.6964638432    
  -29.6916010727      -29.6866774558      -29.6816922078      -29.6766445343    
  -29.6715336315      -29.6663586856      -29.6611188732      -29.6558133606    
  -29.6504413044      -29.6450018507      -29.6394941353      -29.6339172838    
  -29.6282704111      -29.6225526215      -29.6167630084      -29.6109006545    
  -29.6049646315      -29.5989539998      -29.5928678087      -29.5867050963    
  -29.5804648889      -29.5741462015      -29.5677480373      -29.5612693877    
  -29.5547092322      -29.5480665381      -29.5413402607      -29.5345293430    
  -29.5276327155      -29.5206492963      -29.5135779907      -29.5064176915    
  -29.4991672783      -29.4918256180      -29.4843915641      -29.4768639573    
  -29.4692416245      -29.4615233794      -29.4537080221      -29.4457943390    
  -29.4377811027      -29.4296670718      -29.4214509911      -29.4131315912    
  -29.4047075882      -29.3961776841      -29.3875405665      -29.3787949082    
  -29.3699393676      -29.3609725882      -29.3518931985      -29.3426998122    
  -29.3333910280      -29.3239654293      -29.3144215842      -29.3047580456    
  -29.2949733509      -29.2850660220      -29.2750345651      -29.2648774708    
  -29.2545932140      -29.2441802536      -29.2336370326      -29.2229619782    
  -29.2121535013      -29.2012099969      -29.1901298437      -29.1789114043    
  -29.1675530248      -29.1560530351      -29.1444097489      -29.1326214631    
  -29.1206864585      -29.1086029993      -29.0963693332      -29.0839836913    
  -29.0714442884      -29.0587493226      -29.0458969754      -29.0328854118    
  -29.0197127804      -29.0063772130      -28.9928768253      -28.9792097162    
  -28.9653739682      -28.9513676476      -28.9371888040      -28.9228354712    
  -28.9083056662      -28.8935973904      -28.8787086286      -28.8636373500    
  -28.8483815076      -28.8329390387      -28.8173078651      -28.8014858927    
  -28.7854710122      -28.7692610988      -28.7528540127      -28.7362475990    
  -28.7194396879      -28.7024280950      -28.6852106216      -28.6677850544    
  -28.6501491661      -28.6323007156      -28.6142374482      -28.5959570957    
  -28.5774573767      -28.5587359970      -28.5397906497      -28.5206190155    
  -28.5012187632      -28.4815875496      -28.4617230203      -28.4416228094    
  -28.4212845407      -28.4007058271      -28.3798842716      -28.3588174674    
  -28.3375029985      -28.3159384397      -28.2941213574      -28.2720493098    
  -28.2497198474      -28.2271305132      -28.2042788436      -28.1811623684    
  -28.1577786116      -28.1341250915      -28.1101993217      -28.0859988110    
  -28.0615210643      -28.0367635830      -28.0117238654      -27.9863994075    
  -27.9607877032      -27.9348862449      -27.9086925243      -27.8822040326    
  -27.8554182614      -27.8283327028      -27.8009448504      -27.7732521995    
  -27.7452522481      -27.7169424968      -27.6883204501      -27.6593836164    
  -27.6301295088      -27.6005556457      -27.5706595510      -27.5404387553    
  -27.5098907956      -27.4790132167      -27.4478035711      -27.4162594197    
  -27.3843783323      -27.3521578882      -27.3195956767      -27.2866892971    
  -27.2534363598      -27.2198344865      -27.1858813103      -27.1515744764    
  -27.1169116427      -27.0818904795      -27.0465086705      -27.0107639125    
  -26.9746539163      -26.9381764063      -26.9013291214      -26.8641098145    
  -26.8265162531      -26.7885462193      -26.7501975100      -26.7114679367    
  -26.6723553256      -26.6328575179      -26.5929723692      -26.5526977498    
  -26.5120315445      -26.4709716522      -26.4295159860      -26.3876624727    
  -26.3454090526      -26.3027536792      -26.2596943187      -26.2162289497    
  -26.1723555627      -26.1280721595      -26.0833767531      -26.0382673663    
  -25.9927420322      -25.9467987927      -25.9004356982      -25.8536508069    
  -25.8064421842      -25.7588079020      -25.7107460377      -25.6622546738    
  -25.6133318973      -25.5639757986      -25.5141844709      -25.4639560100    
  -25.4132885129      -25.3621800780      -25.3106288038      -25.2586327890    
  -25.2061901318      -25.1532989293      -25.0999572778      -25.0461632721    
  -24.9919150057      -24.9372105707      -24.8820480581      -24.8264255580    
  -24.7703411602      -24.7137929544      -24.6567790317      -24.5992974849    
  -24.5413464100      -24.4829239075      -24.4240280838      -24.3646570532    
  -24.3048089395      -24.2444818784      -24.1836740197      -24.1223835297    
  -24.0606085940      -23.9983474204      -23.9355982413      -23.8723593172    
  -23.8086289394      -23.7444054331      -23.6796871600      -23.6144725217    
  -23.5487599612      -23.4825479661      -23.4158350695      -23.3486198517    
  -23.2809009405      -23.2126770108      -23.1439467832      -23.0747090216    
  -23.0049625294      -22.9347061438      -22.8639387290      -22.7926591665    
  -22.7208663443      -22.6485591431      -22.5757364199      -22.5023969889    
  -22.4285395999      -22.3541629131      -22.2792654715      -22.2038456696    
  -22.1279017199      -22.0514316161      -21.9744330949      -21.8969035955    
  -21.8188402185      -21.7402396855      -21.6610982994      -21.5814119094    
  -21.5011758805      -21.4203850718      -21.3390338258      -21.2571159723    
  -21.1746248521      -21.0915533624      -21.0078940338      -20.9236391357    
  -20.8387808279      -20.7533113536      -20.6672232750      -20.5805097752    
  -20.4931650088      -20.4051845065      -20.3165656404      -20.2273081333    
  -20.1374146089      -20.0468911667      -19.9557479610      -19.8639997611    
  -19.7716664628      -19.6787735180      -19.5853522464      -19.4914399937    
  -19.3970801025      -19.3023216653      -19.2072190377      -19.1118311014    
  -19.0162202745      -18.9204512850      -18.8245897329      -18.7287004828    
  -18.6328459368      -18.5370842513      -18.4414675635      -18.3460403020    
  -18.2508376545      -18.1558842692      -18.0611932598      -17.9667655826    
  -17.8725898409      -17.7786425583      -17.6848889413      -17.5912841214    
  -17.4977748350      -17.4043014639      -17.3108003246      -17.2172060715    
  -17.1234540651      -17.0294825584      -16.9352345761      -16.8406593900    
  -16.7457135386      -16.6503613788      -16.5545752008      -16.4583349666    
  -16.3616277540      -16.2644469971      -16.1667916110      -16.0686650809    
  -15.9700745792      -15.8710301572      -15.7715440426      -15.6716300569    
  -15.5713031566      -15.4705790904      -15.3694741609      -15.2680050739    
  -15.1661888582      -15.0640428376      -14.9615846398      -14.8588322285    
  -14.7558039448      -14.6525185524      -14.5489952754      -14.4452538281    
  -14.3413144305      -14.2371978105      -14.1329251916      -14.0285182658    
  -13.9239991560      -13.8193903652      -13.7147147187      -13.6099952974    
  -13.5052553669      -13.4005183021      -13.2958075095      -13.1911463484    
  -13.0865580526      -12.9820656520      -12.8776918962      -12.7734591806    
  -12.6693894742      -12.5655042504      -12.4618244213      -12.3583702749    
  -12.2551614155      -12.1522167079      -12.0495542251      -11.9471911997    
  -11.8451439795      -11.7434279866      -11.6420576811      -11.5410465290    
  -11.4404069754      -11.3401504215      -11.2402872084      -11.1408266053    
  -11.0417768045      -10.9431449226      -10.8449370094      -10.7471580632    
  -10.6498120552      -10.5529019623      -10.4564298092      -10.3603967202    
  -10.2648029817      -10.1696481159      -10.0749309659      -9.98064979252    
  -9.88680238413      -9.79338617830      -9.70039839614      -9.60783618852    
  -9.51569679364      -9.42397770467      -9.33267684587      -9.24179275482    
  -9.15132476784      -9.06127320476      -8.97163954847      -8.88242661349    
  -8.79363869722      -8.70528170639      -8.61736324956      -8.52989268804    
  -8.44288113347      -8.35634138118      -8.27028777231      -8.18473596945    
  -8.09970263708      -8.01520501830      -7.93126039701      -7.84788543887    
  -7.76509540397      -7.68290322586      -7.60131845350      -7.52034605111    
  -7.43998506020      -7.36022711573      -7.28105482977      -7.20244006045    
  -7.12434207371      -7.04670566728      -6.96945933881      -6.89251363444    
  -6.81575991142      -6.73906984723      -6.66229617631      -6.58527530082    
  -6.50783259214      -6.42979133196      -6.35098626370      -6.27128253638    
  -6.19060029626      -6.10894419656      -6.02643559055      -5.94334323485    
  -5.86010628272      -5.77734181244      -5.69582896960      -5.61646385767    
  -5.54018403131      -5.46786842028      -5.40022624584      -5.33769462151    
  -5.28036651536      -5.22796687355      -5.17988501081      -5.13525816405    
  -5.09308850954      -5.05236842184      -5.01218899593      -4.97181432739    
  -4.93071527338      -4.88856692734      -4.84522060861      -4.80066294113    
  -4.75497270367      -4.70828251549      -4.66074875478      -4.61253033397    
  -4.56377531604      -4.51461366911      -4.46515439114      -4.41548548947    
  -4.36567565612      -4.31577682193      -4.26582704894      -4.21585342410    
  -4.16587475644      -4.11590397159      -4.06595015588      -4.01602023955    
  -3.96612033118      -3.91625673032      -3.86643665331      -3.81666871175    
  -3.76696318431      -3.71733212167      -3.66778932137      -3.61835020624    
  -3.56903163503      -3.51985166984      -3.47082931989      -3.42198427732    
  -3.37333665665      -3.32490674636      -3.27671477824      -3.22878071804    
  -3.18112407928      -3.13376376056      -3.08671790616      -3.04000378891    
  -2.99363771383      -2.94763494127      -2.90200962764      -2.85677478256    
  -2.81194224068      -2.76752264721      -2.72352545586      -2.67995893853    
  -2.63683020583      -2.59414523807      -2.55190892647      -2.51012512379    
  -2.46879670512      -2.42792563829      -2.38751306330      -2.34755938182    
  -2.30806435622      -2.26902721752      -2.23044678248      -2.19232157900    
  -2.15464997905      -2.11743033816      -2.08066113984      -2.04434114324    
  -2.00846953185      -1.97304606057      -1.93807119817      -1.90354626191    
  -1.86947354065      -1.83585640268      -1.80269938449      -1.77000825675    
  -1.73779006381      -1.70605313385      -1.67480705688      -1.64406262882    
  -1.61383176074      -1.58412735293      -1.55496313502      -1.52635347382    
  -1.49831315209      -1.47085712169      -1.44400023611      -1.41775696698    
  -1.39214111254      -1.36716549804      -1.34284168162      -1.31917966723    
  -1.29618762793      -1.27387164998      -1.25223549694      -1.23128040047    
  -1.21100487948      -1.19140459035      -1.17247220984      -1.15419735183    
  -1.13656651857      -1.11956308670      -1.10316732805      -1.08735646498    
  -1.07210475998      -1.05738363900      -1.04316184805      -1.02940564240    
  -1.01607900778      -1.00314391263     -0.990560590263     -0.978287849429    
 -0.966283411421     -0.954504271067     -0.942907078473     -0.931448537540    
 -0.920085816495     -0.908776964904     -0.897481330865     -0.886159971478    
 -0.874776049205     -0.863295206476     -0.851685910945     -0.839919764062    
 -0.827971766271     -0.815820533026     -0.803448456991     -0.790841813186    
 -0.777990805377     -0.764889553627     -0.751536024577     -0.737931907508    
 -0.724082440702     -0.709996193719     -0.695684812169     -0.681162732157    
 -0.666446871923     -0.651556308225     -0.636511944815     -0.621336179888    
 -0.606052578776     -0.590685557371     -0.575260080935     -0.559801382054    
 -0.544334700588     -0.528885047638     -0.513476994735     -0.498134488749    
 -0.482880692394     -0.467737849686     -0.452727175273     -0.437868766262    
 -0.423181534889     -0.408683160264     -0.394390057303     -0.380317360967    
 -0.366478923919     -0.352887325794     -0.339553892366     -0.326488722999    
 -0.313700724910     -0.301197652896     -0.288986153318     -0.277071811278    
 -0.265459200049     -0.254151931936     -0.243152709903     -0.232463379337    
 -0.222084979510     -0.212017794299     -0.202261401867     -0.192814723052    
 -0.183676068263     -0.174843182757     -0.166313290188     -0.158083134382    
 -0.150149019305     -0.142506847217     -0.135152155035     -0.128080148934    
 -0.121285737229     -0.114763561598     -0.108508026690     -0.102513328193    
 -0.967734794248E-01 -0.912823364997E-01 -0.860336221462E-01 -0.810209482306E-01
 -0.762378370479E-01 -0.716777414342E-01 -0.673340637543E-01 -0.632001738107E-01
 -0.592694257269E-01 -0.555351738389E-01 -0.519907876361E-01 -0.486296657940E-01
 -0.454452493196E-01 -0.424310338523E-01 -0.395805811408E-01 -0.368875297211E-01
 -0.343456048254E-01 -0.319486275387E-01 -0.296905232294E-01 -0.275653292658E-01
 -0.255672020538E-01 -0.236904233922E-01 -0.219294061845E-01 -0.202786995162E-01
 -0.187329931139E-01 -0.172871212135E-01 -0.159360658428E-01 -0.146749595543E-01
 -0.134990876132E-01 -0.124038896715E-01 -0.113849609574E-01 -0.104380528197E-01
 -0.955907351896E-02 -0.874408777801E-02 -0.798931168292E-02 -0.729112552286E-02
 -0.664606487172E-02 -0.656752183255E-02 -0.665011677468E-02 -0.673376508269E-02
 -0.681846821071E-02 -0.690423539059E-02 -0.699108146470E-02 -0.707901967698E-02
 -0.716806388431E-02 -0.725822802928E-02 -0.734952622608E-02 -0.744197275941E-02
 -0.753558208825E-02 -0.763036884945E-02 -0.772634786121E-02 -0.782353412622E-02
 -0.792194283375E-02 -0.802158936307E-02 -0.812248928647E-02 -0.822465837100E-02
 -0.832811258179E-02 -0.843286808492E-02 -0.853894124845E-02 -0.864634864751E-02
 -0.875510706438E-02 -0.886523349376E-02 -0.897674514298E-02 -0.908965943548E-02
 -0.920399401497E-02 -0.931976674633E-02 -0.943699571938E-02 -0.955569925101E-02
 -0.967589588965E-02 -0.979760441560E-02 -0.992084384628E-02 -0.100456334383E-01
 -0.101719926903E-01 -0.102999413459E-01 -0.104294993976E-01 -0.105606870887E-01
 -0.106935249181E-01 -0.108280336417E-01 -0.109642342768E-01 -0.111021481045E-01
 -0.112417966752E-01 -0.113832018082E-01 -0.115263855990E-01 -0.116713704205E-01
 -0.118181789261E-01 -0.119668340555E-01 -0.121173590364E-01 -0.122697773885E-01
 -0.124241129272E-01 -0.125803897682E-01 -0.127386323297E-01 -0.128988653375E-01
 -0.130611138288E-01 -0.132254031546E-01 -0.133917589859E-01 -0.135602073159E-01
 -0.137307744647E-01 -0.139034870847E-01 -0.140783721614E-01 -0.142554570219E-01
 -0.144347693360E-01 -0.146163371210E-01 -0.148001887478E-01 -0.149863529435E-01
 -0.151748587963E-01 -0.153657357606E-01 -0.155590136616E-01 -0.157547226996E-01
 -0.159528934541E-01 -0.161535568898E-01 -0.163567443610E-01 -0.165624876159E-01
 -0.167708188023E-01 -0.169817704723E-01 -0.171953755876E-01 -0.174116675245E-01
 -0.176306800792E-01 -0.178524474733E-01 -0.180770043572E-01 -0.183043858186E-01
 -0.185346273871E-01 -0.187677650386E-01 -0.190038351997E-01 -0.192428747585E-01
 -0.194849210645E-01 -0.197300119382E-01 -0.199781856763E-01 -0.202294810552E-01
 -0.204839373410E-01 -0.207415942926E-01 -0.210024921695E-01 -0.212666717383E-01
 -0.215341742762E-01 -0.218050415824E-01 -0.220793159804E-01 -0.223570403245E-01
 -0.226382580113E-01 -0.229230129810E-01 -0.232113497274E-01 -0.235033133041E-01
 -0.237989493296E-01 -0.240983039998E-01 -0.244014240866E-01 -0.247083569561E-01
 -0.250191505653E-01 -0.253338534767E-01 -0.256525148633E-01 -0.259751845170E-01
 -0.263019128549E-01 -0.266327509296E-01 -0.269677504352E-01 -0.273069637160E-01
 -0.276504437746E-01 -0.279982442795E-01 -0.283504195770E-01 -0.287070246943E-01
 -0.290681153517E-01 -0.294337479715E-01 -0.298039796817E-01 -0.301788683344E-01
 -0.305584725060E-01 -0.309428515103E-01 -0.313320654066E-01 -0.317261750117E-01
 -0.321252419049E-01 -0.325293284426E-01 -0.329384977617E-01 -0.333528137986E-01
 -0.337723412887E-01 -0.341971457863E-01 -0.346272936653E-01 -0.350628521401E-01
 -0.355038892650E-01 -0.359504739539E-01 -0.364026759873E-01 -0.368605660219E-01
 -0.373242156036E-01 -0.377936971793E-01 -0.382690841065E-01 -0.387504506643E-01
 -0.392378720696E-01 -0.397314244799E-01 -0.402311850157E-01 -0.407372317646E-01
 -0.412496437996E-01 -0.417685011833E-01 -0.422938849902E-01
