    0.000002078591      0.205451601755E-04    0.0000
    0.000004183327      0.413377463502E-04    0.0000
    0.000006314538      0.623875243979E-04    0.0000
    0.000008472556      0.836991375454E-04    0.0000
    0.000010657719      0.105199909824E-03    0.0000
    0.000012870367      0.126942290474E-03    0.0000
    0.000015110847      0.148936345103E-03    0.0000
    0.000017379509      0.171177726402E-03    0.0000
    0.000019676708      0.193676469037E-03    0.0000
    0.000022002801      0.216438230037E-03    0.0000
    0.000024358153      0.239468264726E-03    0.0000
    0.000026743132      0.262771373681E-03    0.0000
    0.000029158110      0.286352168219E-03    0.0000
    0.000031603465      0.310215059112E-03    0.0000
    0.000034079579      0.334364356270E-03    0.0000
    0.000036586838      0.358804291467E-03    0.0000
    0.000039125635      0.383539049432E-03    0.0000
    0.000041696365      0.408572786615E-03    0.0000
    0.000044299432      0.433909645994E-03    0.0000
    0.000046935241      0.459553768384E-03    0.0000
    0.000049604205      0.485509301191E-03    0.0000
    0.000052306740      0.511780405458E-03    0.0000
    0.000055043269      0.538371261531E-03    0.0000
    0.000057814219      0.565286073740E-03    0.0000
    0.000060620023      0.592529074312E-03    0.0000
    0.000063461120      0.620104526686E-03    0.0000
    0.000066337954      0.648016728363E-03    0.0000
    0.000069250973      0.676270013385E-03    0.0000
    0.000072200634      0.704868754531E-03    0.0000
    0.000075187397      0.733817365264E-03    0.0000
    0.000078211729      0.763120301493E-03    0.0000
    0.000081274103      0.792782063181E-03    0.0000
    0.000084374996      0.822807195825E-03    0.0000
    0.000087514894      0.853200291826E-03    0.0000
    0.000090694286      0.883965991776E-03    0.0000
    0.000093913671      0.915108985677E-03    0.0000
    0.000097173551      0.946634014088E-03    0.0000
    0.000100474434      0.978545869237E-03    0.0000
    0.000103816838      0.101084939608E-02    0.0000
    0.000107201284      0.104354949331E-02    0.0000
    0.000110628301      0.107665111440E-02    0.0000
    0.000114098425      0.111015926851E-02    0.0000
    0.000117612197      0.114407902150E-02    0.0000
    0.000121170168      0.117841549680E-02    0.0000
    0.000124772892      0.121317387639E-02    0.0000
    0.000128420932      0.124835940167E-02    0.0000
    0.000132114860      0.128397737434E-02    0.0000
    0.000135855251      0.132003315732E-02    0.0000
    0.000139642691      0.135653217563E-02    0.0000
    0.000143477770      0.139347991723E-02    0.0000
    0.000147361090      0.143088193392E-02    0.0000
    0.000151293255      0.146874384219E-02    0.0000
    0.000155274881      0.150707132412E-02    0.0000
    0.000159306589      0.154587012820E-02    0.0000
    0.000163389010      0.158514607024E-02    0.0000
    0.000167522782      0.162490503418E-02    0.0000
    0.000171708550      0.166515297303E-02    0.0000
    0.000175946969      0.170589590967E-02    0.0000
    0.000180238700      0.174713993779E-02    0.0000
    0.000184584415      0.178889122269E-02    0.0000
    0.000188984792      0.183115600224E-02    0.0000
    0.000193440519      0.187394058770E-02    0.0000
    0.000197952292      0.191725136464E-02    0.0000
    0.000202520816      0.196109479384E-02    0.0000
    0.000207146805      0.200547741215E-02    0.0000
    0.000211830982      0.205040583346E-02    0.0000
    0.000216574079      0.209588674953E-02    0.0000
    0.000221376837      0.214192693098E-02    0.0000
    0.000226240005      0.218853322816E-02    0.0000
    0.000231164345      0.223571257212E-02    0.0000
    0.000236150626      0.228347197551E-02    0.0000
    0.000241199626      0.233181853356E-02    0.0000
    0.000246312135      0.238075942501E-02    0.0000
    0.000251488951      0.243030191306E-02    0.0000
    0.000256730883      0.248045334636E-02    0.0000
    0.000262038751      0.253122115997E-02    0.0000
    0.000267413384      0.258261287634E-02    0.0000
    0.000272855621      0.263463610631E-02    0.0000
    0.000278366313      0.268729855010E-02    0.0000
    0.000283946321      0.274060799832E-02    0.0000
    0.000289596517      0.279457233297E-02    0.0000
    0.000295317784      0.284919952850E-02    0.0000
    0.000301111016      0.290449765280E-02    0.0000
    0.000306977117      0.296047486826E-02    0.0000
    0.000312917005      0.301713943282E-02    0.0000
    0.000318931607      0.307449970102E-02    0.0000
    0.000325021864      0.313256412507E-02    0.0000
    0.000331188726      0.319134125591E-02    0.0000
    0.000337433159      0.325083974435E-02    0.0000
    0.000343756136      0.331106834207E-02    0.0000
    0.000350158647      0.337203590280E-02    0.0000
    0.000356641692      0.343375138341E-02    0.0000
    0.000363206283      0.349622384500E-02    0.0000
    0.000369853446      0.355946245407E-02    0.0000
    0.000376584221      0.362347648363E-02    0.0000
    0.000383399658      0.368827531436E-02    0.0000
    0.000390300823      0.375386843577E-02    0.0000
    0.000397288794      0.382026544736E-02    0.0000
    0.000404364663      0.388747605977E-02    0.0000
    0.000411529535      0.395551009600E-02    0.0000
    0.000418784530      0.402437749261E-02    0.0000
    0.000426130782      0.409408830088E-02    0.0000
    0.000433569439      0.416465268805E-02    0.0000
    0.000441101662      0.423608093852E-02    0.0000
    0.000448728628      0.430838345512E-02    0.0000
    0.000456451531      0.438157076030E-02    0.0000
    0.000464271575      0.445565349741E-02    0.0000
    0.000472189984      0.453064243194E-02    0.0000
    0.000480207993      0.460654845281E-02    0.0000
    0.000488326857      0.468338257360E-02    0.0000
    0.000496547844      0.476115593389E-02    0.0000
    0.000504872238      0.483987980050E-02    0.0000
    0.000513301340      0.491956556884E-02    0.0000
    0.000521836467      0.500022476418E-02    0.0000
    0.000530478952      0.508186904301E-02    0.0000
    0.000539230147      0.516451019430E-02    0.0000
    0.000548091418      0.524816014093E-02    0.0000
    0.000557064151      0.533283094097E-02    0.0000
    0.000566149746      0.541853478904E-02    0.0000
    0.000575349624      0.550528401770E-02    0.0000
    0.000584665222      0.559309109879E-02    0.0000
    0.000594097997      0.568196864484E-02    0.0000
    0.000603649420      0.577192941041E-02    0.0000
    0.000613320986      0.586298629355E-02    0.0000
    0.000623114205      0.595515233714E-02    0.0000
    0.000633030608      0.604844073035E-02    0.0000
    0.000643071744      0.614286481001E-02    0.0000
    0.000653239182      0.623843806207E-02    0.0000
    0.000663534510      0.633517412304E-02    0.0000
    0.000673959338      0.643308678139E-02    0.0000
    0.000684515294      0.653218997903E-02    0.0000
    0.000695204027      0.663249781276E-02    0.0000
    0.000706027208      0.673402453571E-02    0.0000
    0.000716986528      0.683678455883E-02    0.0000
    0.000728083699      0.694079245235E-02    0.0000
    0.000739320456      0.704606294727E-02    0.0000
    0.000750698553      0.715261093681E-02    0.0000
    0.000762219769      0.726045147797E-02    0.0000
    0.000773885905      0.736959979296E-02    0.0000
    0.000785698782      0.748007127070E-02    0.0000
    0.000797660247      0.759188146839E-02    0.0000
    0.000809772169      0.770504611296E-02    0.0000
    0.000822036440      0.781958110259E-02    0.0000
    0.000834454976      0.793550250827E-02    0.0000
    0.000847029719      0.805282657526E-02    0.0000
    0.000859762632      0.817156972468E-02    0.0000
    0.000872655705      0.829174855498E-02    0.0000
    0.000885710954      0.841337984351E-02    0.0000
    0.000898930417      0.853648054804E-02    0.0000
    0.000912316161      0.866106780828E-02    0.0000
    0.000925870276      0.878715894746E-02    0.0000
    0.000939594882      0.891477147380E-02    0.0000
    0.000953492121      0.904392308212E-02    0.0000
    0.000967564167      0.917463165533E-02    0.0000
    0.000981813217      0.930691526599E-02    0.0000
    0.000996241498      0.944079217783E-02    0.0000
    0.001010851264      0.957628084732E-02    0.0000
    0.001025644798      0.971339992516E-02    0.0000
    0.001040624413      0.985216825785E-02    0.0000
    0.001055792447      0.999260488920E-02    0.0000
    0.001071151273      0.101347290619E-01    0.0000
    0.001086703288      0.102785602189E-01    0.0000
    0.001102450923      0.104241180051E-01    0.0000
    0.001118396640      0.105714222690E-01    0.0000
    0.001134542929      0.107204930636E-01    0.0000
    0.001150892313      0.108713506486E-01    0.0000
    0.001167447347      0.110240154915E-01    0.0000
    0.001184210618      0.111785082693E-01    0.0000
    0.001201184745      0.113348498698E-01    0.0000
    0.001218372380      0.114930613931E-01    0.0000
    0.001235776209      0.116531641531E-01    0.0000
    0.001253398951      0.118151796791E-01    0.0000
    0.001271243360      0.119791297169E-01    0.0000
    0.001289312224      0.121450362305E-01    0.0000
    0.001307608366      0.123129214035E-01    0.0000
    0.001326134645      0.124828076403E-01    0.0000
    0.001344893957      0.126547175677E-01    0.0000
    0.001363889231      0.128286740362E-01    0.0000
    0.001383123437      0.130047001212E-01    0.0000
    0.001402599579      0.131828191246E-01    0.0000
    0.001422320700      0.133630545759E-01    0.0000
    0.001442289883      0.135454302337E-01    0.0000
    0.001462510248      0.137299700866E-01    0.0000
    0.001482984953      0.139166983550E-01    0.0000
    0.001503717198      0.141056394918E-01    0.0000
    0.001524710223      0.142968181840E-01    0.0000
    0.001545967308      0.144902593534E-01    0.0000
    0.001567491773      0.146859881586E-01    0.0000
    0.001589286984      0.148840299950E-01    0.0000
    0.001611356344      0.150844104969E-01    0.0000
    0.001633703303      0.152871555378E-01    0.0000
    0.001656331351      0.154922912321E-01    0.0000
    0.001679244026      0.156998439356E-01    0.0000
    0.001702444907      0.159098402465E-01    0.0000
    0.001725937618      0.161223070067E-01    0.0000
    0.001749725832      0.163372713021E-01    0.0000
    0.001773813264      0.165547604642E-01    0.0000
    0.001798203679      0.167748020701E-01    0.0000
    0.001822900888      0.169974239438E-01    0.0000
    0.001847908750      0.172226541568E-01    0.0000
    0.001873231171      0.174505210285E-01    0.0000
    0.001898872110      0.176810531272E-01    0.0000
    0.001924835572      0.179142792705E-01    0.0000
    0.001951125613      0.181502285259E-01    0.0000
    0.001977746343      0.183889302108E-01    0.0000
    0.002004701921      0.186304138938E-01    0.0000
    0.002031996558      0.188747093940E-01    0.0000
    0.002059634519      0.191218467821E-01    0.0000
    0.002087620123      0.193718563804E-01    0.0000
    0.002115957742      0.196247687625E-01    0.0000
    0.002144651805      0.198806147542E-01    0.0000
    0.002173706795      0.201394254326E-01    0.0000
    0.002203127251      0.204012321270E-01    0.0000
    0.002232917772      0.206660664178E-01    0.0000
    0.002263083011      0.209339601371E-01    0.0000
    0.002293627682      0.212049453679E-01    0.0000
    0.002324556557      0.214790544439E-01    0.0000
    0.002355874470      0.217563199492E-01    0.0000
    0.002387586314      0.220367747173E-01    0.0000
    0.002419697044      0.223204518309E-01    0.0000
    0.002452211677      0.226073846209E-01    0.0000
    0.002485135293      0.228976066657E-01    0.0000
    0.002518473038      0.231911517902E-01    0.0000
    0.002552230120      0.234880540648E-01    0.0000
    0.002586411814      0.237883478041E-01    0.0000
    0.002621023461      0.240920675659E-01    0.0000
    0.002656070468      0.243992481495E-01    0.0000
    0.002691558313      0.247099245944E-01    0.0000
    0.002727492539      0.250241321787E-01    0.0000
    0.002763878763      0.253419064174E-01    0.0000
    0.002800722669      0.256632830602E-01    0.0000
    0.002838030014      0.259882980899E-01    0.0000
    0.002875806628      0.263169877200E-01    0.0000
    0.002914058414      0.266493883923E-01    0.0000
    0.002952791347      0.269855367750E-01    0.0000
    0.002992011481      0.273254697595E-01    0.0000
    0.003031724943      0.276692244579E-01    0.0000
    0.003071937940      0.280168382004E-01    0.0000
    0.003112656753      0.283683485315E-01    0.0000
    0.003153887746      0.287237932076E-01    0.0000
    0.003195637361      0.290832101931E-01    0.0000
    0.003237912122      0.294466376568E-01    0.0000
    0.003280718633      0.298141139685E-01    0.0000
    0.003324063585      0.301856776945E-01    0.0000
    0.003367953748      0.305613675940E-01    0.0000
    0.003412395982      0.309412226145E-01    0.0000
    0.003457397231      0.313252818870E-01    0.0000
    0.003502964525      0.317135847218E-01    0.0000
    0.003549104986      0.321061706030E-01    0.0000
    0.003595825822      0.325030791836E-01    0.0000
    0.003643134334      0.329043502798E-01    0.0000
    0.003691037913      0.333100238658E-01    0.0000
    0.003739544046      0.337201400673E-01    0.0000
    0.003788660310      0.341347391559E-01    0.0000
    0.003838394381      0.345538615422E-01    0.0000
    0.003888754030      0.349775477696E-01    0.0000
    0.003939747125      0.354058385071E-01    0.0000
    0.003991381634      0.358387745421E-01    0.0000
    0.004043665626      0.362763967728E-01    0.0000
    0.004096607269      0.367187462010E-01    0.0000
    0.004150214836      0.371658639232E-01    0.0000
    0.004204496703      0.376177911229E-01    0.0000
    0.004259461352      0.380745690616E-01    0.0000
    0.004315117371      0.385362390698E-01    0.0000
    0.004371473457      0.390028425379E-01    0.0000
    0.004428538415      0.394744209064E-01    0.0000
    0.004486321161      0.399510156556E-01    0.0000
    0.004544830726      0.404326682958E-01    0.0000
    0.004604076250      0.409194203564E-01    0.0000
    0.004664066991      0.414113133745E-01    0.0000
    0.004724812322      0.419083888840E-01    0.0000
    0.004786321736      0.424106884031E-01    0.0000
    0.004848604843      0.429182534227E-01    0.0000
    0.004911671375      0.434311253934E-01    0.0000
    0.004975531186      0.439493457126E-01    0.0000
    0.005040194255      0.444729557110E-01    0.0000
    0.005105670685      0.450019966384E-01    0.0000
    0.005171970707      0.455365096499E-01    0.0000
    0.005239104681      0.460765357906E-01    0.0000
    0.005307083096      0.466221159807E-01    0.0000
    0.005375916575      0.471732909995E-01    0.0000
    0.005445615872      0.477301014692E-01    0.0000
    0.005516191878      0.482925878383E-01    0.0000
    0.005587655622      0.488607903645E-01    0.0000
    0.005660018268      0.494347490964E-01    0.0000
    0.005733291124      0.500145038558E-01    0.0000
    0.005807485640      0.506000942188E-01    0.0000
    0.005882613408      0.511915594960E-01    0.0000
    0.005958686166      0.517889387130E-01    0.0000
    0.006035715802      0.523922705900E-01    0.0000
    0.006113714352      0.530015935200E-01    0.0000
    0.006192694003      0.536169455479E-01    0.0000
    0.006272667095      0.542383643477E-01    0.0000
    0.006353646125      0.548658871997E-01    0.0000
    0.006435643746      0.554995509671E-01    0.0000
    0.006518672770      0.561393920714E-01    0.0000
    0.006602746170      0.567854464677E-01    0.0000
    0.006687877084      0.574377496192E-01    0.0000
    0.006774078813      0.580963364708E-01    0.0000
    0.006861364826      0.587612414223E-01    0.0000
    0.006949748762      0.594324983005E-01    0.0000
    0.007039244431      0.601101403306E-01    0.0000
    0.007129865816      0.607942001078E-01    0.0000
    0.007221627079      0.614847095664E-01    0.0000
    0.007314542556      0.621816999497E-01    0.0000
    0.007408626766      0.628852017784E-01    0.0000
    0.007503894410      0.635952448179E-01    0.0000
    0.007600360373      0.643118580457E-01    0.0000
    0.007698039729      0.650350696173E-01    0.0000
    0.007796947739      0.657649068311E-01    0.0000
    0.007897099860      0.665013960928E-01    0.0000
    0.007998511738      0.672445628791E-01    0.0000
    0.008101199222      0.679944317001E-01    0.0000
    0.008205178354      0.687510260607E-01    0.0000
    0.008310465384      0.695143684216E-01    0.0000
    0.008417076761      0.702844801589E-01    0.0000
    0.008525029144      0.710613815229E-01    0.0000
    0.008634339401      0.718450915961E-01    0.0000
    0.008745024611      0.726356282495E-01    0.0000
    0.008857102071      0.734330080993E-01    0.0000
    0.008970589291      0.742372464608E-01    0.0000
    0.009085504004      0.750483573028E-01    0.0000
    0.009201864167      0.758663531999E-01    0.0000
    0.009319687961      0.766912452845E-01    0.0000
    0.009438993795      0.775230431971E-01    0.0000
    0.009559800312      0.783617550358E-01    0.0000
    0.009682126388      0.792073873047E-01    0.0000
    0.009805991136      0.800599448612E-01    0.0000
    0.009931413912      0.809194308618E-01    0.0000
    0.010058414311      0.817858467072E-01    0.0000
    0.010187012179      0.826591919861E-01    0.0000
    0.010317227609      0.835394644174E-01    0.0000
    0.010449080948      0.844266597919E-01    0.0000
    0.010582592797      0.853207719122E-01    0.0000
    0.010717784018      0.862217925315E-01    0.0000
    0.010854675736      0.871297112916E-01    0.0000
    0.010993289340      0.880445156585E-01    0.0000
    0.011133646488      0.889661908584E-01    0.0000
    0.011275769112      0.898947198108E-01    0.0000
    0.011419679418      0.908300830612E-01    0.0000
    0.011565399893      0.917722587122E-01    0.0000
    0.011712953306      0.927212223536E-01    0.0000
    0.011862362713      0.936769469903E-01    0.0000
    0.012013651458      0.946394029701E-01    0.0000
    0.012166843182      0.956085579091E-01    0.0000
    0.012321961820      0.965843766159E-01    0.0000
    0.012479031611      0.975668210153E-01    0.0000
    0.012638077096      0.985558500690E-01    0.0000
    0.012799123128      0.995514196966E-01    0.0000
    0.012962194869      0.100553482694E+00    0.0000
    0.013127317799      0.101561988651E+00    0.0000
    0.013294517721      0.102576883866E+00    0.0000
    0.013463820759      0.103598111264E+00    0.0000
    0.013635253367      0.104625610305E+00    0.0000
    0.013808842332      0.105659316900E+00    0.0000
    0.013984614777      0.106699163317E+00    0.0000
    0.014162598167      0.107745078093E+00    0.0000
    0.014342820313      0.108796985942E+00    0.0000
    0.014525309374      0.109854807655E+00    0.0000
    0.014710093865      0.110918460014E+00    0.0000
    0.014897202659      0.111987855685E+00    0.0000
    0.015086664991      0.113062903126E+00    0.0000
    0.015278510467      0.114143506485E+00    0.0000
    0.015472769061      0.115229565499E+00    0.0000
    0.015669471128      0.116320975392E+00    0.0000
    0.015868647402      0.117417626768E+00    0.0000
    0.016070329005      0.118519405510E+00    0.0000
    0.016274547451      0.119626192668E+00    0.0000
    0.016481334648      0.120737864355E+00    0.0000
    0.016690722909      0.121854291636E+00    0.0000
    0.016902744949      0.122975340414E+00    0.0000
    0.017117433898      0.124100871322E+00    0.0000
    0.017334823302      0.125230739609E+00    0.0000
    0.017554947127      0.126364795020E+00    0.0000
    0.017777839770      0.127502881687E+00    0.0000
    0.018003536057      0.128644838007E+00    0.0000
    0.018232071254      0.129790496523E+00    0.0000
    0.018463481070      0.130939683807E+00    0.0000
    0.018697801662      0.132092220339E+00    0.0000
    0.018935069646      0.133247920382E+00    0.0000
    0.019175322092      0.134406591863E+00    0.0000
    0.019418596543      0.135568036244E+00    0.0000
    0.019664931010      0.136732048404E+00    0.0000
    0.019914363982      0.137898416505E+00    0.0000
    0.020166934436      0.139066921872E+00    0.0000
    0.020422681834      0.140237338863E+00    0.0000
    0.020681646139      0.141409434737E+00    0.0000
    0.020943867813      0.142582969534E+00    0.0000
    0.021209387831      0.143757695935E+00    0.0000
    0.021478247679      0.144933359139E+00    0.0000
    0.021750489367      0.146109696732E+00    0.0000
    0.022026155435      0.147286438550E+00    0.0000
    0.022305288954      0.148463306555E+00    0.0000
    0.022587933542      0.149640014700E+00    0.0000
    0.022874133360      0.150816268796E+00    0.0000
    0.023163933129      0.151991766383E+00    0.0000
    0.023457378130      0.153166196597E+00    0.0000
    0.023754514215      0.154339240037E+00    0.0000
    0.024055387812      0.155510568637E+00    0.0000
    0.024360045933      0.156679845533E+00    0.0000
    0.024668536181      0.157846724931E+00    0.0000
    0.024980906759      0.159010851979E+00    0.0000
    0.025297206475      0.160171862639E+00    0.0000
    0.025617484752      0.161329383556E+00    0.0000
    0.025941791633      0.162483031931E+00    0.0000
    0.026270177793      0.163632415398E+00    0.0000
    0.026602694543      0.164777131893E+00    0.0000
    0.026939393838      0.165916769536E+00    0.0000
    0.027280328288      0.167050906509E+00    0.0000
    0.027625551167      0.168179110932E+00    0.0000
    0.027975116414      0.169300940745E+00    0.0000
    0.028329078651      0.170415943596E+00    0.0000
    0.028687493185      0.171523656725E+00    0.0000
    0.029050416019      0.172623606851E+00    0.0000
    0.029417903860      0.173715310065E+00    0.0000
    0.029790014129      0.174798271724E+00    0.0000
    0.030166804969      0.175871986348E+00    0.0000
    0.030548335255      0.176935937521E+00    0.0000
    0.030934664600      0.177989597793E+00    0.0000
    0.031325853371      0.179032428591E+00    0.0000
    0.031721962690      0.180063880130E+00    0.0000
    0.032123054452      0.181083391327E+00    0.0000
    0.032529191327      0.182090389723E+00    0.0000
    0.032940436774      0.183084291410E+00    0.0000
    0.033356855053      0.184064500958E+00    0.0000
    0.033778511229      0.185030411353E+00    0.0000
    0.034205471186      0.185981403937E+00    0.0000
    0.034637801639      0.186916848358E+00    0.0000
    0.035075570139      0.187836102517E+00    0.0000
    0.035518845089      0.188738512536E+00    0.0000
    0.035967695752      0.189623412717E+00    0.0000
    0.036422192261      0.190490125520E+00    0.0000
    0.036882405632      0.191337961543E+00    0.0000
    0.037348407775      0.192166219512E+00    0.0000
    0.037820271504      0.192974186276E+00    0.0000
    0.038298070547      0.193761136813E+00    0.0000
    0.038781879562      0.194526334245E+00    0.0000
    0.039271774146      0.195269029862E+00    0.0000
    0.039767830845      0.195988463154E+00    0.0000
    0.040270127169      0.196683861856E+00    0.0000
    0.040778741603      0.197354441998E+00    0.0000
    0.041293753619      0.197999407973E+00    0.0000
    0.041815243689      0.198617952610E+00    0.0000
    0.042343293296      0.199209257264E+00    0.0000
    0.042877984950      0.199772491910E+00    0.0000
    0.043419402197      0.200306815261E+00    0.0000
    0.043967629634      0.200811374887E+00    0.0000
    0.044522752924      0.201285307356E+00    0.0000
    0.045084858805      0.201727738383E+00    0.0000
    0.045654035108      0.202137782999E+00    0.0000
    0.046230370767      0.202514545730E+00    0.0000
    0.046813955836      0.202857120789E+00    0.0000
    0.047404881502      0.203164592296E+00    0.0000
    0.048003240098      0.203436034497E+00    0.0000
    0.048609125118      0.203670512010E+00    0.0000
    0.049222631234      0.203867080091E+00    0.0000
    0.049843854306      0.204024784907E+00    0.0000
    0.050472891403      0.204142663835E+00    0.0000
    0.051109840813      0.204219745778E+00    0.0000
    0.051754802060      0.204255051498E+00    0.0000
    0.052407875920      0.204247593972E+00    0.0000
    0.053069164439      0.204196378763E+00    0.0000
    0.053738770943      0.204100404418E+00    0.0000
    0.054416800060      0.203958662882E+00    0.0000
    0.055103357734      0.203770139937E+00    0.0000
    0.055798551240      0.203533815658E+00    0.0000
    0.056502489203      0.203248664898E+00    0.0000
    0.057215281617      0.202913657794E+00    0.0000
    0.057937039855      0.202527760292E+00    0.0000
    0.058667876694      0.202089934702E+00    0.0000
    0.059407906329      0.201599140276E+00    0.0000
    0.060157244391      0.201054333808E+00    0.0000
    0.060916007965      0.200454470263E+00    0.0000
    0.061684315610      0.199798503432E+00    0.0000
    0.062462287376      0.199085386610E+00    0.0000
    0.063250044822      0.198314073302E+00    0.0000
    0.064047711036      0.197483517959E+00    0.0000
    0.064855410657      0.196592676739E+00    0.0000
    0.065673269888      0.195640508296E+00    0.0000
    0.066501416522      0.194625974600E+00    0.0000
    0.067339979958      0.193548041779E+00    0.0000
    0.068189091223      0.192405681000E+00    0.0000
    0.069048882994      0.191197869372E+00    0.0000
    0.069919489613      0.189923590878E+00    0.0000
    0.070801047116      0.188581837344E+00    0.0000
    0.071693693247      0.187171609432E+00    0.0000
    0.072597567484      0.185691917663E+00    0.0000
    0.073512811060      0.184141783476E+00    0.0000
    0.074439566982      0.182520240312E+00    0.0000
    0.075377980059      0.180826334732E+00    0.0000
    0.076328196920      0.179059127564E+00    0.0000
    0.077290366037      0.177217695082E+00    0.0000
    0.078264637751      0.175301130218E+00    0.0000
    0.079251164296      0.173308543796E+00    0.0000
    0.080250099816      0.171239065810E+00    0.0000
    0.081261600399      0.169091846725E+00    0.0000
    0.082285824093      0.166866058802E+00    0.0000
    0.083322930934      0.164560897469E+00    0.0000
    0.084373082974      0.162175582709E+00    0.0000
    0.085436444301      0.159709360482E+00    0.0000
    0.086513181066      0.157161504177E+00    0.0000
    0.087603461513      0.154531316090E+00    0.0000
    0.088707455999      0.151818128933E+00    0.0000
    0.089825337027      0.149021307369E+00    0.0000
    0.090957279266      0.146140249576E+00    0.0000
    0.092103459587      0.143174388831E+00    0.0000
    0.093264057081      0.140123195132E+00    0.0000
    0.094439253094      0.136986176829E+00    0.0000
    0.095629231254      0.133762882293E+00    0.0000
    0.096834177496      0.130452901596E+00    0.0000
    0.098054280096      0.127055868225E+00    0.0000
    0.099289729698      0.123571460803E+00    0.0000
    0.100540719342      0.119999404842E+00    0.0000
    0.101807444499      0.116339474505E+00    0.0000
    0.103090103097      0.112591494390E+00    0.0000
    0.104388895554      0.108755341326E+00    0.0000
    0.105704024809      0.104830946188E+00    0.0000
    0.107035696354      0.100818295717E+00    0.0000
    0.108384118265      0.967174343539E-01    0.0000
    0.109749501235      0.925284660840E-01    0.0000
    0.111132058609      0.882515562845E-01    0.0000
    0.112532006413      0.838869335785E-01    0.0000
    0.113949563394      0.794348916906E-01    0.0000
    0.115384951046      0.748957913027E-01    0.0000
    0.116838393652      0.702700619075E-01    0.0000
    0.118310118316      0.655582036571E-01    0.0000
    0.119800354997      0.607607892036E-01    0.0000
    0.121309336548      0.558784655293E-01    0.0000
    0.122837298750      0.509119557640E-01    0.0000
    0.124384480350      0.458620609841E-01    0.0000
    0.125951123100      0.407296619936E-01    0.0000
    0.127537471789      0.355157210797E-01    0.0000
    0.129143774289      0.302212837424E-01    0.0000
    0.130770281586      0.248474803928E-01    0.0000
    0.132417247827      0.193955280161E-01    0.0000
    0.134084930353      0.138667317958E-01    0.0000
    0.135773589743      0.826248669445E-02    0.0000
    0.137483489853      0.258427898740E-02    0.0000
    0.139214897858     -0.316631225616E-02    0.0000
    0.140968084296     -0.898761374747E-02    0.0000
    0.142743323104     -0.148778566130E-01    0.0000
    0.144540891667     -0.208351750934E-01    0.0000
    0.146361070860     -0.268576053099E-01    0.0000
    0.148204145088     -0.329430841024E-01    0.0000
    0.150070402336     -0.390894479410E-01    0.0000
    0.151960134210     -0.452944319135E-01    0.0000
    0.153873635985     -0.515556687908E-01    0.0000
    0.155811206650     -0.578706881704E-01    0.0000
    0.157773148953     -0.642369156979E-01    0.0000
    0.159759769453     -0.706516723654E-01    0.0000
    0.161771378562     -0.771121738863E-01    0.0000
    0.163808290599     -0.836155301411E-01    0.0000
    0.165870823835     -0.901587446949E-01    0.0000
    0.167959300545     -0.967387143795E-01    0.0000
    0.170074047059     -0.103352228940E+00    0.0000
    0.172215393809     -0.109995970740E+00    0.0000
    0.174383675386     -0.116666514528E+00    0.0000
    0.176579230587     -0.123360327251E+00    0.0000
    0.178802402473     -0.130073767944E+00    0.0000
    0.181053538419     -0.136803087656E+00    0.0000
    0.183332990169     -0.143544429465E+00    0.0000
    0.185641113893     -0.150293828548E+00    0.0000
    0.187978270239     -0.157047212351E+00    0.0000
    0.190344824392     -0.163800400845E+00    0.0000
    0.192741146133     -0.170549106904E+00    0.0000
    0.195167609890     -0.177288936819E+00    0.0000
    0.197624594805     -0.184015390965E+00    0.0000
    0.200112484785     -0.190723864643E+00    0.0000
    0.202631668568     -0.197409649135E+00    0.0000
    0.205182539783     -0.204067932967E+00    0.0000
    0.207765497007     -0.210693803435E+00    0.0000
    0.210380943834     -0.217282248382E+00    0.0000
    0.213029288932     -0.223828158259E+00    0.0000
    0.215710946111     -0.230326328477E+00    0.0000
    0.218426334384     -0.236771462044E+00    0.0000
    0.221175878037     -0.243158172507E+00    0.0000
    0.223960006692     -0.249480987171E+00    0.0000
    0.226779155374     -0.255734350599E+00    0.0000
    0.229633764582     -0.261912628375E+00    0.0000
    0.232524280352     -0.268010111111E+00    0.0000
    0.235451154336     -0.274021018685E+00    0.0000
    0.238414843862     -0.279939504692E+00    0.0000
    0.241415812013     -0.285759661090E+00    0.0000
    0.244454527696     -0.291475523032E+00    0.0000
    0.247531465718     -0.297081073875E+00    0.0000
    0.250647106855     -0.302570250348E+00    0.0000
    0.253801937933     -0.307936947888E+00    0.0000
    0.256996451901     -0.313175026136E+00    0.0000
    0.260231147909     -0.318278314589E+00    0.0000
    0.263506531383     -0.323240618406E+00    0.0000
    0.266823114110     -0.328055724384E+00    0.0000
    0.270181414311     -0.332717407082E+00    0.0000
    0.273581956729     -0.337219435109E+00    0.0000
    0.277025272705     -0.341555577570E+00    0.0000
    0.280511900264     -0.345719610666E+00    0.0000
    0.284042384199     -0.349705324446E+00    0.0000
    0.287617276156     -0.353506529708E+00    0.0000
    0.291237134717     -0.357117065038E+00    0.0000
    0.294902525494     -0.360530803993E+00    0.0000
    0.298614021211     -0.363741662396E+00    0.0000
    0.302372201797     -0.366743605765E+00    0.0000
    0.306177654475     -0.369530656838E+00    0.0000
    0.310030973856     -0.372096903208E+00    0.0000
    0.313932762028     -0.374436505038E+00    0.0000
    0.317883628653     -0.376543702859E+00    0.0000
    0.321884191062     -0.378412825433E+00    0.0000
    0.325935074352     -0.380038297676E+00    0.0000
    0.330036911481     -0.381414648623E+00    0.0000
    0.334190343370     -0.382536519427E+00    0.0000
    0.338396019000     -0.383398671392E+00    0.0000
    0.342654595518     -0.383995994002E+00    0.0000
    0.346966738334     -0.384323512975E+00    0.0000
    0.351333121229     -0.384376398285E+00    0.0000
    0.355754426460     -0.384149972190E+00    0.0000
    0.360231344864     -0.383639717213E+00    0.0000
    0.364764575970     -0.382841284096E+00    0.0000
    0.369354828104     -0.381750499703E+00    0.0000
    0.374002818501     -0.380363374861E+00    0.0000
    0.378709273421     -0.378676112137E+00    0.0000
    0.383474928255     -0.376685113538E+00    0.0000
    0.388300527648     -0.374386988117E+00    0.0000
    0.393186825609     -0.371778559489E+00    0.0000
    0.398134585633     -0.368856873231E+00    0.0000
    0.403144580816     -0.365619204175E+00    0.0000
    0.408217593980     -0.362063063565E+00    0.0000
    0.413354417795     -0.358186206078E+00    0.0000
    0.418555854900     -0.353986636704E+00    0.0000
    0.423822718028     -0.349462617463E+00    0.0000
    0.429155830140     -0.344612673956E+00    0.0000
    0.434556024544     -0.339435601739E+00    0.0000
    0.440024145031     -0.333930472506E+00    0.0000
    0.445561046007     -0.328096640077E+00    0.0000
    0.451167592623     -0.321933746175E+00    0.0000
    0.456844660915     -0.315441725974E+00    0.0000
    0.462593137935     -0.308620813426E+00    0.0000
    0.468413921894     -0.301471546334E+00    0.0000
    0.474307922303     -0.293994771169E+00    0.0000
    0.480276060110     -0.286191647620E+00    0.0000
    0.486319267849     -0.278063652859E+00    0.0000
    0.492438489784     -0.269612585506E+00    0.0000
    0.498634682055     -0.260840569288E+00    0.0000
    0.504908812831     -0.251750056374E+00    0.0000
    0.511261862456     -0.242343830360E+00    0.0000
    0.517694823609     -0.232625008911E+00    0.0000
    0.524208701451     -0.222597046028E+00    0.0000
    0.530804513791     -0.212263733922E+00    0.0000
    0.537483291236     -0.201629204499E+00    0.0000
    0.544246077359     -0.190697930410E+00    0.0000
    0.551093928861     -0.179474725682E+00    0.0000
    0.558027915730     -0.167964745887E+00    0.0000
    0.565049121417     -0.156173487850E+00    0.0000
    0.572158643000     -0.144106788869E+00    0.0000
    0.579357591356     -0.131770825453E+00    0.0000
    0.586647091334     -0.119172111532E+00    0.0000
    0.594028281935     -0.106317496160E+00    0.0000
    0.601502316484     -0.932141606760E-01    0.0000
    0.609070362814     -0.798696153351E-01    0.0000
    0.616733603449     -0.662916953806E-01    0.0000
    0.624493235784     -0.524885565737E-01    0.0000
    0.632350472279     -0.384686701685E-01    0.0000
    0.640306540642     -0.242408173378E-01    0.0000
    0.648362684026     -0.981408305550E-02    0.0000
    0.656520161218      0.480215055590E-02    0.0000
    0.664780246843      0.195982113992E-01    0.0000
    0.673144231554      0.345641450825E-01    0.0000
    0.681613422241      0.496897230850E-01    0.0000
    0.690189142233      0.649644513878E-01    0.0000
    0.698872731503      0.803775795441E-01    0.0000
    0.707665546881      0.959181101654E-01    0.0000
    0.716568962260      0.111574808797E+00    0.0000
    0.725584368818      0.127336214164E+00    0.0000
    0.734713175231      0.143190648758E+00    0.0000
    0.743956807893      0.159126229768E+00    0.0000
    0.753316711140      0.175130880334E+00    0.0000
    0.762794347477      0.191192341134E+00    0.0000
    0.772391197803      0.207298182330E+00    0.0000
    0.782108761646      0.223435815904E+00    0.0000
    0.791948557395      0.239592508441E+00    0.0000
    0.801912122538      0.255755394446E+00    0.0000
    0.812001013902      0.271911490306E+00    0.0000
    0.822216807897      0.288047709033E+00    0.0000
    0.832561100762      0.304150875979E+00    0.0000
    0.843035508814      0.320207745729E+00    0.0000
    0.853641668699      0.336205020442E+00    0.0000
    0.864381237653      0.352129369919E+00    0.0000
    0.875255893754      0.367967453736E+00    0.0000
    0.886267336190      0.383705945784E+00    0.0000
    0.897417285522      0.399331561514E+00    0.0000
    0.908707483950      0.414831088195E+00    0.0000
    0.920139695593      0.430191418266E+00    0.0000
    0.931715706755      0.445399585727E+00    0.0000
    0.943437326213      0.460442805078E+00    0.0000
    0.955306385494      0.475308511839E+00    0.0000
    0.967324739161      0.489984402994E+00    0.0000
    0.979494265107      0.504458474856E+00    0.0000
    0.991816864846      0.518719055008E+00    0.0000
    1.004294463809      0.532754824153E+00    0.0000
    1.016929011645      0.546554823274E+00    0.0000
    1.029722482530      0.560108441651E+00    0.0000
    1.042676875467      0.573405382412E+00    0.0000
    1.055794214609      0.586435604454E+00    0.0000
    1.069076549565      0.599189242886E+00    0.0000
    1.082525955728      0.611656514065E+00    0.0000
    1.096144534595      0.623827615247E+00    0.0000
    1.109934414096      0.635692631700E+00    0.0000
    1.123897748927      0.647241464976E+00    0.0000
    1.138036720890      0.658463794260E+00    0.0000
    1.152353539226      0.669349078261E+00    0.0000
    1.166850440968      0.679886598946E+00    0.0000
    1.181529691286      0.690065541862E+00    0.0000
    1.196393583842      0.699875102481E+00    0.0000
    1.211444441151      0.709304605250E+00    0.0000
    1.226684614939      0.718343622128E+00    0.0000
    1.242116486515      0.726982079931E+00    0.0000
    1.257742467139      0.735210349744E+00    0.0000
    1.273564998404      0.743019315729E+00    0.0000
    1.289586552611      0.750400423981E+00    0.0000
    1.305809633161      0.757345714287E+00    0.0000
    1.322236774944      0.763847838611E+00    0.0000
    1.338870544734      0.769900070249E+00    0.0000
    1.355713541591      0.775496307071E+00    0.0000
    1.372768397268      0.780631071609E+00    0.0000
    1.390037776620      0.785299509891E+00    0.0000
    1.407524378024      0.789497390316E+00    0.0000
    1.425230933796      0.793221103263E+00    0.0000
    1.443160210622      0.796467661747E+00    0.0000
    1.461315009988      0.799234703150E+00    0.0000
    1.479698168618      0.801520491857E+00    0.0000
    1.498312558917      0.803323922543E+00    0.0000
    1.517161089423      0.804644523764E+00    0.0000
    1.536246705257      0.805482461514E+00    0.0000
    1.555572388584      0.805838542409E+00    0.0000
    1.575141159083      0.805714216170E+00    0.0000
    1.594956074413      0.805111577132E+00    0.0000
    1.615020230696      0.804033364525E+00    0.0000
    1.635336762996      0.802482961347E+00    0.0000
    1.655908845812      0.800464391662E+00    0.0000
    1.676739693576      0.797982316223E+00    0.0000
    1.697832561149      0.795042026363E+00    0.0000
    1.719190744334      0.791649436099E+00    0.0000
    1.740817580392      0.787811072473E+00    0.0000
    1.762716448559      0.783534064150E+00    0.0000
    1.784890770578      0.778826128314E+00    0.0000
    1.807344011232      0.773695555941E+00    0.0000
    1.830079678886      0.768151195518E+00    0.0000
    1.853101326033      0.762202435307E+00    0.0000
    1.876412549853      0.755859184235E+00    0.0000
    1.900016992773      0.749131851532E+00    0.0000
    1.923918343034      0.742031325195E+00    0.0000
    1.948120335271      0.734568949396E+00    0.0000
    1.972626751094      0.726756500935E+00    0.0000
    1.997441419681      0.718606164831E+00    0.0000
    2.022568218375      0.710130509151E+00    0.0000
    2.048011073288      0.701342459176E+00    0.0000
    2.073773959919      0.692255270991E+00    0.0000
    2.099860903771      0.682882504587E+00    0.0000
    2.126275980983      0.673237996553E+00    0.0000
    2.153023318962      0.663335832450E+00    0.0000
    2.180107097037      0.653190318923E+00    0.0000
    2.207531547101      0.642815955636E+00    0.0000
    2.235300954282      0.632227407086E+00    0.0000
    2.263419657605      0.621439474355E+00    0.0000
    2.291892050675      0.610467066860E+00    0.0000
    2.320722582362      0.599325174152E+00    0.0000
    2.349915757494      0.588028837808E+00    0.0000
    2.379476137565      0.576593123418E+00    0.0000
    2.409408341445      0.565033092801E+00    0.0000
    2.439717046100      0.553363776380E+00    0.0000
    2.470406987328      0.541600145801E+00    0.0000
    2.501482960495      0.529757086806E+00    0.0000
    2.532949821284      0.517849372390E+00    0.0000
    2.564812486457      0.505891636273E+00    0.0000
    2.597075934620      0.493898346704E+00    0.0000
    2.629745207002      0.481883780631E+00    0.0000
    2.662825408243      0.469861998268E+00    0.0000
    2.696321707193      0.457846818102E+00    0.0000
    2.730239337716      0.445851792371E+00    0.0000
    2.764583599510      0.433890183080E+00    0.0000
    2.799359858938      0.421974938604E+00    0.0000
    2.834573549859      0.410118670960E+00    0.0000
    2.870230174485      0.398333633806E+00    0.0000
    2.906335304236      0.386631701288E+00    0.0000
    2.942894580613      0.375024347804E+00    0.0000
    2.979913716075      0.363522628813E+00    0.0000
    3.017398494939      0.352137162787E+00    0.0000
    3.055354774277      0.340878114433E+00    0.0000
    3.093788484836      0.329755179299E+00    0.0000
    3.132705631960      0.318777569883E+00    0.0000
    3.172112296534      0.307954003344E+00    0.0000
    3.212014635928      0.297292690945E+00    0.0000
    3.252418884965      0.286801329283E+00    0.0000
    3.293331356890      0.276487093415E+00    0.0000
    3.334758444361      0.266356631919E+00    0.0000
    3.376706620444      0.256416063936E+00    0.0000
    3.419182439627      0.246670978216E+00    0.0000
    3.462192538844      0.237126434151E+00    0.0000
    3.505743638509      0.227786964793E+00    0.0000
    3.549842543571      0.218656581777E+00    0.0000
    3.594496144573      0.209738782112E+00    0.0000
    3.639711418731      0.201036556733E+00    0.0000
    3.685495431025      0.192552400705E+00    0.0000
    3.731855335298      0.184288324981E+00    0.0000
    3.778798375380      0.176245869546E+00    0.0000
    3.826331886218      0.168426117834E+00    0.0000
    3.874463295018      0.160829712243E+00    0.0000
    3.923200122411      0.153456870611E+00    0.0000
    3.972549983626      0.146307403470E+00    0.0000
    4.022520589679      0.139380731946E+00    0.0000
    4.073119748578      0.132675906138E+00    0.0000
    4.124355366546      0.126191623819E+00    0.0000
    4.176235449251      0.119926249338E+00    0.0000
    4.228768103063      0.113877832567E+00    0.0000
    4.281961536315      0.108044127794E+00    0.0000
    4.335824060589      0.102422612436E+00    0.0000
    4.390364092015      0.970105054793E-01    0.0000
    4.445590152583      0.918047855820E-01    0.0000
    4.501510871478      0.868022087428E-01    0.0000
    4.558134986425      0.819993255091E-01    0.0000
    4.615471345059      0.773924976726E-01    0.0000
    4.673528906301      0.729779144330E-01    0.0000
    4.732316741763      0.687516080158E-01    0.0000
    4.791844037165      0.647094687474E-01    0.0000
    4.852120093768      0.608472595948E-01    0.0000
    4.913154329828      0.571606301904E-01    0.0000
    4.974956282068      0.536451303665E-01    0.0000
    5.037535607170      0.502962232284E-01    0.0000
    5.100902083280      0.471092977994E-01    0.0000
    5.165065611539      0.440796812674E-01    0.0000
    5.230036217629      0.412026508669E-01    0.0000
    5.295824053339      0.384734454210E-01    0.0000
    5.362439398153      0.358872765694E-01    0.0000
    5.429892660853      0.334393396974E-01    0.0000
    5.498194381149      0.311248245803E-01    0.0000
    5.567355231324      0.289389257458E-01    0.0000
    5.637386017902      0.268768525547E-01    0.0000
    5.708297683335      0.249338389921E-01    0.0000
    5.780101307715      0.231051531542E-01    0.0000
    5.852808110505      0.213861064160E-01    0.0000
    5.926429452291      0.197720622537E-01    0.0000
    6.000976836556      0.182584446997E-01    0.0000
    6.076461911482      0.168407464031E-01    0.0000
    6.152896471765      0.155145362657E-01    0.0000
    6.230292460461      0.142754666295E-01    0.0000
    6.308661970850      0.131192799863E-01    0.0000
    6.388017248327      0.120418151877E-01    0.0000
    6.468370692317      0.110390131323E-01    0.0000
    6.549734858208      0.101069219133E-01    0.0000
    6.632122459317      0.924170141211E-02    0.0000
    6.715546368874      0.843962732687E-02    0.0000
    6.800019622035      0.769709463223E-02    0.0000
    6.885555417917      0.701062046750E-02    0.0000
    6.972167121663      0.637684645725E-02    0.0000
    7.059868266526      0.579254047167E-02    0.0000
    7.148672555991      0.525459783834E-02    0.0000
    7.238593865908      0.476004202092E-02    0.0000
    7.329646246663      0.430602478361E-02    0.0000
    7.421843925378      0.388982586361E-02    0.0000
    7.515201308126      0.350885217641E-02    0.0000
    7.609732982189      0.316063658116E-02    0.0000
    7.705453718334      0.284283623530E-02    0.0000
    7.802378473120      0.255323056934E-02    0.0000
    7.900522391236      0.228971891343E-02    0.0000
    7.999900807871      0.205031780881E-02    0.0000
    8.100529251104      0.183315803678E-02    0.0000
    8.202423444333      0.163648139880E-02    0.0000
    8.305599308735      0.145863728028E-02    0.0000
    8.410072965746      0.129807903069E-02    0.0000
    8.515860739590      0.115336019147E-02    0.0000
    8.622979159821      0.102313060230E-02    0.0000
    8.731444963909      0.906132415161E-03    0.0000
    8.841275099859      0.801196044030E-03    0.0000
    8.952486728851      0.707236076688E-03    0.0000
    9.065097227929      0.623247173375E-03    0.0000
    9.179124192712      0.548299975294E-03    0.0000
    9.294585440147      0.481537044195E-03    0.0000
    9.411499011287      0.422168852378E-03    0.0000
    9.529883174116      0.369469840631E-03    0.0000
    9.649756426400      0.322774559729E-03    0.0000
    9.771137498580      0.281473909297E-03    0.0000
    9.894045356693      0.245011486007E-03    0.0000
   10.018499205344      0.212880051370E-03    0.0000
   10.144518490700      0.184618127635E-03    0.0000
   10.272122903529      0.159806728734E-03    0.0000
   10.401332382281      0.138066231655E-03    0.0000
   10.532167116201      0.119053392191E-03    0.0000
   10.664647548481      0.102458507652E-03    0.0000
   10.798794379458      0.880027278884E-04    0.0000
   10.934628569848      0.754355148446E-04    0.0000
   11.072171344020      0.645322497791E-04    0.0000
   11.211444193311      0.550919864029E-04    0.0000
   11.352468879388      0.469353473209E-04    0.0000
   11.495267437645      0.399025604497E-04    0.0000
   11.639862180647      0.338516314493E-04    0.0000
   11.786275701617      0.286566476732E-04    0.0000
   11.934530877965      0.242062087000E-04    0.0000
   12.084650874865      0.204019781511E-04    0.0000
   12.236659148871      0.171573512259E-04    0.0000
   12.390579451585      0.143962321859E-04    0.0000
   12.546435833368      0.120519158882E-04    0.0000
   12.704252647097      0.100660674055E-04    0.0000
   12.864054551969      0.838779375833E-05    0.0000
   13.025866517358      0.697280183047E-05    0.0000
   13.189713826713      0.578263662556E-05    0.0000
   13.355622081508      0.478399415204E-05    0.0000
   13.523617205246      0.394810338462E-05    0.0000
   13.693725447507      0.325017194166E-05    0.0000
   13.865973388050      0.266889032977E-05    0.0000
   14.040387940967      0.218598984145E-05    0.0000
   14.216996358885      0.178584944097E-05    0.0000
   14.395826237229      0.145514720200E-05    0.0000
   14.576905518533      0.118255218140E-05    0.0000
   14.760262496801      0.958452889132E-06    0.0000
   14.945925821935      0.774718350644E-06    0.0000
   15.133924504207      0.624489091362E-06    0.0000
   15.324287918793      0.501995256593E-06    0.0000
   15.517045810366      0.402395068197E-06    0.0000
   15.712228297736      0.321639572221E-06    0.0000
   15.909865878566      0.256350675949E-06    0.0000
   16.109989434128      0.203719156991E-06    0.0000
   16.312630234136      0.161415686040E-06    0.0000
   16.517819941628      0.127514600542E-06    0.0000
   16.725590617911      0.100428749102E-06    0.0000
   16.935974727578      0.788539756762E-07    0.0000
   17.149005143573      0.617219691834E-07    0.0000
   17.364715152333      0.481603478011E-07    0.0000
   17.583138458984      0.374589785289E-07    0.0000
   17.804309192614      0.290416520314E-07    0.0000
   18.028261911598      0.224423408908E-07    0.0000
   18.255031609006      0.172853668309E-07    0.0000
   18.484653718064      0.132688898741E-07    0.0000
   18.717164117693      0.101512104369E-07    0.0000
   18.952599138116      0.773944475201E-08    0.0000
   19.190995566535      0.588019540854E-08    0.0000
   19.432390652876      0.445189289918E-08    0.0000
   19.676822115613      0.335853152258E-08    0.0000
   19.924328147659      0.252456442906E-08    0.0000
   20.174947422335      0.189075863059E-08    0.0000
   20.428719099413      0.141084198485E-08    0.0000
   20.685682831233      0.104880104052E-08    0.0000
   20.945878768901      0.776711691061E-09    0.0000
   21.209347568563      0.573004280617E-09    0.0000
   21.476130397753      0.421081554531E-09    0.0000
   21.746268941833      0.308222025935E-09    0.0000
   22.019805410498      0.224713279032E-09    0.0000
   22.296782544379      0.163169754850E-09    0.0000
   22.577243621717      0.117997937826E-09    0.0000
   22.861232465125      0.849788223504E-10    0.0000
   23.148793448437      0.609432989303E-10    0.0000
   23.439971503643      0.435208448700E-10    0.0000
   23.734812127907      0.309457952766E-10    0.0000
   24.033361390675      0.219086455948E-10    0.0000
   24.335665940877      0.154424162502E-10    0.0000
   24.641773014214      0.108361952480E-10    0.0000
   24.951730440540      0.756965237810E-11    0.0000
   25.265586651332      0.526366212968E-11    0.0000
   25.583390687262      0.364324295631E-11    0.0000
   25.905192205858      0.250986941571E-11    0.0000
   26.231041489261      0.172088352660E-11    0.0000
   26.560989452085      0.117425757743E-11    0.0000
   26.895087649371      0.797371447857E-12    0.0000
   27.233388284640      0.538786815952E-12    0.0000
   27.575944218057      0.362247541128E-12    0.0000
   27.922808974682      0.242325463932E-12    0.0000
   28.274036752839      0.161276232126E-12    0.0000
   28.629682432584      0.106780427111E-12    0.0000
   28.989801584277      0.703290640402E-13    0.0000
   29.354450477268      0.460756548580E-13    0.0000
   29.723686088689      0.300243040106E-13    0.0000
   30.097566112356      0.194585312000E-13    0.0000
   30.476148967782      0.125416135109E-13    0.0000
   30.859493809310      0.803846744429E-14    0.0000
   31.247660535349      0.512317834325E-14    0.0000
   31.640709797742      0.324654631603E-14    0.0000
   32.038703011236      0.204544982256E-14    0.0000
   32.441702363078      0.128117952606E-14    0.0000
   32.849770822739      0.797725657319E-15    0.0000
   33.262972151744      0.493727893995E-15    0.0000
   33.681370913644      0.303724666360E-15    0.0000
   34.105032484094      0.185694124341E-15    0.0000
   34.534023061078      0.112825950606E-15    0.0000
   34.968409675246      0.681207248085E-16    0.0000
   35.408260200390      0.408672349579E-16    0.0000
   35.853643364049      0.243591952511E-16    0.0000
   36.304628758250      0.144247366457E-16    0.0000
   36.761286850377      0.848545914103E-17    0.0000
   37.223688994187      0.495826980894E-17    0.0000
   37.691907440955      0.287764233409E-17    0.0000
   38.166015350766      0.165866794619E-17    0.0000
   38.646086803946      0.949427567682E-18    0.0000
   39.132196812635      0.539644031677E-18    0.0000
   39.624421332513      0.304550362570E-18    0.0000
   40.122837274660      0.170639573101E-18    0.0000
   40.627522517583      0.949142934109E-19    0.0000
   41.138555919378      0.524054788557E-19    0.0000
   41.656017330052      0.287194828579E-19    0.0000
   42.179987604005      0.156204188500E-19    0.0000
   42.710548612658      0.843113072220E-20    0.0000
   43.247783257247      0.451561258500E-20    0.0000
   43.791775481779      0.239963681311E-20    0.0000
   44.342610286146      0.126512170887E-20    0.0000
   44.900373739406      0.661662765592E-21    0.0000
   45.465152993235      0.343255902303E-21    0.0000
   46.037036295539      0.176618134786E-21    0.0000
   46.616113004247      0.901254145900E-22    0.0000
   47.202473601275      0.456049950370E-22    0.0000
   47.796209706658      0.228817315319E-22    0.0000
   48.397414092870      0.113824201104E-22    0.0000
   49.006180699320      0.561315780629E-23    0.0000
   49.622604647029      0.274387443529E-23    0.0000
   50.246782253492      0.132942166541E-23    0.0000
   50.878811047732      0.638351366436E-24    0.0000
   51.518789785532      0.303747099733E-24    0.0000
   52.166818464872      0.143211006746E-24    0.0000
   52.822998341552      0.668973636457E-25    0.0000
   53.487431945013      0.309575258209E-25    0.0000
   54.160223094358      0.141907149994E-25    0.0000
   54.841476914571      0.644286678662E-26    0.0000
   55.531299852949      0.289698883438E-26    0.0000
   56.229799695728      0.128992117456E-26    0.0000
   56.937085584932      0.568701065121E-27    0.0000
   57.653268035418      0.248236273897E-27    0.0000
   58.378458952151      0.107266124689E-27    0.0000
   59.112771647689      0.458808990378E-28    0.0000
   59.856320859883      0.194235727442E-28    0.0000
   60.609222769810      0.813785871840E-29    0.0000
   61.371595019927      0.337389121807E-29    0.0000
   62.143556732447      0.138403829989E-29    0.0000
   62.925228527960      0.561717051900E-30    0.0000
   63.716732544273      0.225525748129E-30    0.0000
   64.518192455500      0.895654399542E-31    0.0000
   65.329733491382      0.351809563206E-31    0.0000
   66.151482456857      0.136664271773E-31    0.0000
   66.983567751872      0.524976867206E-32    0.0000
   67.826119391449      0.199398172942E-32    0.0000
   68.679269025994      0.748783756210E-33    0.0000
   69.543149961875      0.277974343732E-33    0.0000
   70.417897182245      0.102005916628E-33    0.0000
   71.303647368136      0.369979918928E-34    0.0000
   72.200538919817      0.132624393826E-34    0.0000
   73.108711978419      0.469809768476E-35    0.0000
   74.028308447829      0.164450636966E-35    0.0000
   74.959472016866      0.568756181720E-36    0.0000
   75.902348181732      0.194337498141E-36    0.0000
   76.857084268747      0.655979964303E-37    0.0000
   77.823829457367      0.218721956083E-37    0.0000
   78.802734803494      0.720322832070E-38    0.0000
   79.793953263080      0.234293894849E-38    0.0000
   80.797639716027      0.752593800407E-39    0.0000
   81.813950990383      0.238722842764E-39    0.0000
   82.843045886855      0.747704095432E-40    0.0000
   83.885085203612      0.231226574725E-40    0.0000
   84.940231761418      0.705974050549E-41    0.0000
   86.008650429071      0.212791665366E-41    0.0000
   87.090508149159      0.633152555130E-42    0.0000
   88.185973964153      0.185961967548E-42    0.0000
   89.295219042816      0.539109832175E-43    0.0000
   90.418416706947      0.154256787691E-43    0.0000
   91.555742458468      0.435615222587E-44    0.0000
   92.707374006839      0.121403908748E-44    0.0000
   93.873491296835      0.333897839258E-45    0.0000
   95.054276536653      0.906207594529E-46    0.0000
   96.249914226390      0.242693518103E-46    0.0000
   97.460591186868      0.641342075710E-47    0.0000
   98.686496588825      0.167227820511E-47    0.0000
   99.927821982473      0.430231542445E-48    0.0000
  101.184761327432      0.109209423785E-48    0.0000
  102.457511023030      0.273509832233E-49    0.0000
  103.746269938999      0.675823402055E-50    0.0000
  105.051239446539      0.164753746397E-50    0.0000
  106.372623449792      0.396253798167E-51    0.0000
  107.710628417696      0.940232972709E-52    0.0000
  109.065463416250      0.220112869027E-52    0.0000
  110.437340141179      0.508758951834E-53    0.0000
  111.826472951012      0.116008163042E-53    0.0000
  113.233078900578      0.253582084536E-54    0.0000
  114.657377774917      0.475988307694E-55    0.0000
  116.099592123625      0.874853974771E-56    0.0000
  117.559947295631      0.157406068895E-56    0.0000
  119.038671474399      0.277164498174E-57    0.0000
