    0.000002078591     -0.126840806542E-09    0.0000
    0.000004183327     -0.513696881235E-09    0.0000
    0.000006314538     -0.117034009753E-08    0.0000
    0.000008472556     -0.210684737780E-08    0.0000
    0.000010657719     -0.333279198136E-08    0.0000
    0.000012870367     -0.485783660664E-08    0.0000
    0.000015110847     -0.669344024754E-08    0.0000
    0.000017379509     -0.885048264501E-08    0.0000
    0.000019676708     -0.113405302909E-07    0.0000
    0.000022002801     -0.141753690354E-07    0.0000
    0.000024358153     -0.173671637608E-07    0.0000
    0.000026743132     -0.209284192146E-07    0.0000
    0.000029158110     -0.248720104306E-07    0.0000
    0.000031603465     -0.292111837313E-07    0.0000
    0.000034079579     -0.339595690643E-07    0.0000
    0.000036586838     -0.391311890880E-07    0.0000
    0.000039125635     -0.447404694351E-07    0.0000
    0.000041696365     -0.508022491425E-07    0.0000
    0.000044299432     -0.573317913775E-07    0.0000
    0.000046935241     -0.643447945013E-07    0.0000
    0.000049604205     -0.718574034333E-07    0.0000
    0.000052306740     -0.798862213416E-07    0.0000
    0.000055043269     -0.884483216530E-07    0.0000
    0.000057814219     -0.975612603913E-07    0.0000
    0.000060620023     -0.107243088848E-06    0.0000
    0.000063461120     -0.117512366595E-06    0.0000
    0.000066337954     -0.128388174835E-06    0.0000
    0.000069250973     -0.139890130115E-06    0.0000
    0.000072200634     -0.152038398395E-06    0.0000
    0.000075187397     -0.164853709483E-06    0.0000
    0.000078211729     -0.178357371851E-06    0.0000
    0.000081274103     -0.192571287835E-06    0.0000
    0.000084374996     -0.207517969234E-06    0.0000
    0.000087514894     -0.223220553305E-06    0.0000
    0.000090694286     -0.239702819180E-06    0.0000
    0.000093913671     -0.256989204705E-06    0.0000
    0.000097173551     -0.275104823715E-06    0.0000
    0.000100474434     -0.294075483749E-06    0.0000
    0.000103816838     -0.313927704230E-06    0.0000
    0.000107201284     -0.334688735106E-06    0.0000
    0.000110628301     -0.356386575974E-06    0.0000
    0.000114098425     -0.379049995694E-06    0.0000
    0.000117612197     -0.402708552507E-06    0.0000
    0.000121170168     -0.427392614667E-06    0.0000
    0.000124772892     -0.453133381609E-06    0.0000
    0.000128420932     -0.479962905644E-06    0.0000
    0.000132114860     -0.507914114232E-06    0.0000
    0.000135855251     -0.537020832801E-06    0.0000
    0.000139642691     -0.567317808167E-06    0.0000
    0.000143477770     -0.598840732543E-06    0.0000
    0.000147361090     -0.631626268165E-06    0.0000
    0.000151293255     -0.665712072548E-06    0.0000
    0.000155274881     -0.701136824380E-06    0.0000
    0.000159306589     -0.737940250083E-06    0.0000
    0.000163389010     -0.776163151049E-06    0.0000
    0.000167522782     -0.815847431569E-06    0.0000
    0.000171708550     -0.857036127474E-06    0.0000
    0.000175946969     -0.899773435503E-06    0.0000
    0.000180238700     -0.944104743424E-06    0.0000
    0.000184584415     -0.990076660916E-06    0.0000
    0.000188984792     -0.103773705124E-05    0.0000
    0.000193440519     -0.108713506370E-05    0.0000
    0.000197952292     -0.113832116696E-05    0.0000
    0.000202520816     -0.119134718319E-05    0.0000
    0.000207146805     -0.124626632306E-05    0.0000
    0.000211830982     -0.130313322165E-05    0.0000
    0.000216574079     -0.136200397526E-05    0.0000
    0.000221376837     -0.142293617916E-05    0.0000
    0.000226240005     -0.148598896630E-05    0.0000
    0.000231164345     -0.155122304696E-05    0.0000
    0.000236150626     -0.161870074949E-05    0.0000
    0.000241199626     -0.168848606198E-05    0.0000
    0.000246312135     -0.176064467508E-05    0.0000
    0.000251488951     -0.183524402582E-05    0.0000
    0.000256730883     -0.191235334262E-05    0.0000
    0.000262038751     -0.199204369134E-05    0.0000
    0.000267413384     -0.207438802264E-05    0.0000
    0.000272855621     -0.215946122035E-05    0.0000
    0.000278366313     -0.224734015125E-05    0.0000
    0.000283946321     -0.233810371596E-05    0.0000
    0.000289596517     -0.243183290121E-05    0.0000
    0.000295317784     -0.252861083338E-05    0.0000
    0.000301111016     -0.262852283341E-05    0.0000
    0.000306977117     -0.273165647310E-05    0.0000
    0.000312917005     -0.283810163282E-05    0.0000
    0.000318931607     -0.294795056066E-05    0.0000
    0.000325021864     -0.306129793314E-05    0.0000
    0.000331188726     -0.317824091733E-05    0.0000
    0.000337433159     -0.329887923468E-05    0.0000
    0.000343756136     -0.342331522633E-05    0.0000
    0.000350158647     -0.355165392012E-05    0.0000
    0.000356641692     -0.368400309932E-05    0.0000
    0.000363206283     -0.382047337303E-05    0.0000
    0.000369853446     -0.396117824836E-05    0.0000
    0.000376584221     -0.410623420448E-05    0.0000
    0.000383399658     -0.425576076844E-05    0.0000
    0.000390300823     -0.440988059299E-05    0.0000
    0.000397288794     -0.456871953630E-05    0.0000
    0.000404364663     -0.473240674369E-05    0.0000
    0.000411529535     -0.490107473138E-05    0.0000
    0.000418784530     -0.507485947246E-05    0.0000
    0.000426130782     -0.525390048485E-05    0.0000
    0.000433569439     -0.543834092160E-05    0.0000
    0.000441101662     -0.562832766339E-05    0.0000
    0.000448728628     -0.582401141336E-05    0.0000
    0.000456451531     -0.602554679430E-05    0.0000
    0.000464271575     -0.623309244836E-05    0.0000
    0.000472189984     -0.644681113909E-05    0.0000
    0.000480207993     -0.666686985621E-05    0.0000
    0.000488326857     -0.689343992292E-05    0.0000
    0.000496547844     -0.712669710583E-05    0.0000
    0.000504872238     -0.736682172779E-05    0.0000
    0.000513301340     -0.761399878342E-05    0.0000
    0.000521836467     -0.786841805756E-05    0.0000
    0.000530478952     -0.813027424669E-05    0.0000
    0.000539230147     -0.839976708336E-05    0.0000
    0.000548091418     -0.867710146379E-05    0.0000
    0.000557064151     -0.896248757852E-05    0.0000
    0.000566149746     -0.925614104649E-05    0.0000
    0.000575349624     -0.955828305230E-05    0.0000
    0.000584665222     -0.986914048702E-05    0.0000
    0.000594097997     -0.101889460924E-04    0.0000
    0.000603649420     -0.105179386089E-04    0.0000
    0.000613320986     -0.108563629268E-04    0.0000
    0.000623114205     -0.112044702420E-04    0.0000
    0.000633030608     -0.115625182151E-04    0.0000
    0.000643071744     -0.119307711341E-04    0.0000
    0.000653239182     -0.123095000821E-04    0.0000
    0.000663534510     -0.126989831085E-04    0.0000
    0.000673959338     -0.130995054043E-04    0.0000
    0.000684515294     -0.135113594825E-04    0.0000
    0.000695204027     -0.139348453622E-04    0.0000
    0.000706027208     -0.143702707578E-04    0.0000
    0.000716986528     -0.148179512724E-04    0.0000
    0.000728083699     -0.152782105967E-04    0.0000
    0.000739320456     -0.157513807120E-04    0.0000
    0.000750698553     -0.162378020989E-04    0.0000
    0.000762219769     -0.167378239507E-04    0.0000
    0.000773885905     -0.172518043926E-04    0.0000
    0.000785698782     -0.177801107055E-04    0.0000
    0.000797660247     -0.183231195564E-04    0.0000
    0.000809772169     -0.188812172334E-04    0.0000
    0.000822036440     -0.194547998877E-04    0.0000
    0.000834454976     -0.200442737802E-04    0.0000
    0.000847029719     -0.206500555352E-04    0.0000
    0.000859762632     -0.212725724002E-04    0.0000
    0.000872655705     -0.219122625120E-04    0.0000
    0.000885710954     -0.225695751688E-04    0.0000
    0.000898930417     -0.232449711102E-04    0.0000
    0.000912316161     -0.239389228030E-04    0.0000
    0.000925870276     -0.246519147347E-04    0.0000
    0.000939594882     -0.253844437136E-04    0.0000
    0.000953492121     -0.261370191772E-04    0.0000
    0.000967564167     -0.269101635073E-04    0.0000
    0.000981813217     -0.277044123531E-04    0.0000
    0.000996241498     -0.285203149627E-04    0.0000
    0.001010851264     -0.293584345219E-04    0.0000
    0.001025644798     -0.302193485020E-04    0.0000
    0.001040624413     -0.311036490160E-04    0.0000
    0.001055792447     -0.320119431831E-04    0.0000
    0.001071151273     -0.329448535027E-04    0.0000
    0.001086703288     -0.339030182373E-04    0.0000
    0.001102450923     -0.348870918045E-04    0.0000
    0.001118396640     -0.358977451791E-04    0.0000
    0.001134542929     -0.369356663048E-04    0.0000
    0.001150892313     -0.380015605157E-04    0.0000
    0.001167447347     -0.390961509686E-04    0.0000
    0.001184210618     -0.402201790854E-04    0.0000
    0.001201184745     -0.413744050065E-04    0.0000
    0.001218372380     -0.425596080550E-04    0.0000
    0.001235776209     -0.437765872129E-04    0.0000
    0.001253398951     -0.450261616081E-04    0.0000
    0.001271243360     -0.463091710133E-04    0.0000
    0.001289312224     -0.476264763579E-04    0.0000
    0.001307608366     -0.489789602511E-04    0.0000
    0.001326134645     -0.503675275187E-04    0.0000
    0.001344893957     -0.517931057524E-04    0.0000
    0.001363889231     -0.532566458727E-04    0.0000
    0.001383123437     -0.547591227050E-04    0.0000
    0.001402599579     -0.563015355703E-04    0.0000
    0.001422320700     -0.578849088898E-04    0.0000
    0.001442289883     -0.595102928039E-04    0.0000
    0.001462510248     -0.611787638068E-04    0.0000
    0.001482984953     -0.628914253959E-04    0.0000
    0.001503717198     -0.646494087370E-04    0.0000
    0.001524710223     -0.664538733456E-04    0.0000
    0.001545967308     -0.683060077849E-04    0.0000
    0.001567491773     -0.702070303799E-04    0.0000
    0.001589286984     -0.721581899493E-04    0.0000
    0.001611356344     -0.741607665548E-04    0.0000
    0.001633703303     -0.762160722686E-04    0.0000
    0.001656331351     -0.783254519589E-04    0.0000
    0.001679244026     -0.804902840944E-04    0.0000
    0.001702444907     -0.827119815687E-04    0.0000
    0.001725937618     -0.849919925433E-04    0.0000
    0.001749725832     -0.873318013121E-04    0.0000
    0.001773813264     -0.897329291851E-04    0.0000
    0.001798203679     -0.921969353949E-04    0.0000
    0.001822900888     -0.947254180233E-04    0.0000
    0.001847908750     -0.973200149508E-04    0.0000
    0.001873231171     -0.999824048289E-04    0.0000
    0.001898872110     -0.102714308075E-03    0.0000
    0.001924835572     -0.105517487892E-03    0.0000
    0.001951125613     -0.108393751309E-03    0.0000
    0.001977746343     -0.111344950252E-03    0.0000
    0.002004701921     -0.114372982637E-03    0.0000
    0.002031996558     -0.117479793486E-03    0.0000
    0.002059634519     -0.120667376077E-03    0.0000
    0.002087620123     -0.123937773111E-03    0.0000
    0.002115957742     -0.127293077920E-03    0.0000
    0.002144651805     -0.130735435689E-03    0.0000
    0.002173706795     -0.134267044718E-03    0.0000
    0.002203127251     -0.137890157706E-03    0.0000
    0.002232917772     -0.141607083074E-03    0.0000
    0.002263083011     -0.145420186308E-03    0.0000
    0.002293627682     -0.149331891343E-03    0.0000
    0.002324556557     -0.153344681976E-03    0.0000
    0.002355874470     -0.157461103309E-03    0.0000
    0.002387586314     -0.161683763233E-03    0.0000
    0.002419697044     -0.166015333939E-03    0.0000
    0.002452211677     -0.170458553471E-03    0.0000
    0.002485135293     -0.175016227308E-03    0.0000
    0.002518473038     -0.179691229993E-03    0.0000
    0.002552230120     -0.184486506788E-03    0.0000
    0.002586411814     -0.189405075376E-03    0.0000
    0.002621023461     -0.194450027601E-03    0.0000
    0.002656070468     -0.199624531247E-03    0.0000
    0.002691558313     -0.204931831858E-03    0.0000
    0.002727492539     -0.210375254598E-03    0.0000
    0.002763878763     -0.215958206163E-03    0.0000
    0.002800722669     -0.221684176726E-03    0.0000
    0.002838030014     -0.227556741933E-03    0.0000
    0.002875806628     -0.233579564945E-03    0.0000
    0.002914058414     -0.239756398522E-03    0.0000
    0.002952791347     -0.246091087165E-03    0.0000
    0.002992011481     -0.252587569292E-03    0.0000
    0.003031724943     -0.259249879480E-03    0.0000
    0.003071937940     -0.266082150746E-03    0.0000
    0.003112656753     -0.273088616890E-03    0.0000
    0.003153887746     -0.280273614877E-03    0.0000
    0.003195637361     -0.287641587292E-03    0.0000
    0.003237912122     -0.295197084837E-03    0.0000
    0.003280718633     -0.302944768886E-03    0.0000
    0.003324063585     -0.310889414107E-03    0.0000
    0.003367953748     -0.319035911131E-03    0.0000
    0.003412395982     -0.327389269291E-03    0.0000
    0.003457397231     -0.335954619419E-03    0.0000
    0.003502964525     -0.344737216702E-03    0.0000
    0.003549104986     -0.353742443610E-03    0.0000
    0.003595825822     -0.362975812886E-03    0.0000
    0.003643134334     -0.372442970598E-03    0.0000
    0.003691037913     -0.382149699268E-03    0.0000
    0.003739544046     -0.392101921068E-03    0.0000
    0.003788660310     -0.402305701079E-03    0.0000
    0.003838394381     -0.412767250637E-03    0.0000
    0.003888754030     -0.423492930739E-03    0.0000
    0.003939747125     -0.434489255535E-03    0.0000
    0.003991381634     -0.445762895890E-03    0.0000
    0.004043665626     -0.457320683028E-03    0.0000
    0.004096607269     -0.469169612258E-03    0.0000
    0.004150214836     -0.481316846774E-03    0.0000
    0.004204496703     -0.493769721549E-03    0.0000
    0.004259461352     -0.506535747303E-03    0.0000
    0.004315117371     -0.519622614569E-03    0.0000
    0.004371473457     -0.533038197835E-03    0.0000
    0.004428538415     -0.546790559789E-03    0.0000
    0.004486321161     -0.560887955643E-03    0.0000
    0.004544830726     -0.575338837561E-03    0.0000
    0.004604076250     -0.590151859174E-03    0.0000
    0.004664066991     -0.605335880202E-03    0.0000
    0.004724812322     -0.620899971162E-03    0.0000
    0.004786321736     -0.636853418190E-03    0.0000
    0.004848604843     -0.653205727955E-03    0.0000
    0.004911671375     -0.669966632685E-03    0.0000
    0.004975531186     -0.687146095296E-03    0.0000
    0.005040194255     -0.704754314628E-03    0.0000
    0.005105670685     -0.722801730798E-03    0.0000
    0.005171970707     -0.741299030657E-03    0.0000
    0.005239104681     -0.760257153370E-03    0.0000
    0.005307083096     -0.779687296101E-03    0.0000
    0.005375916575     -0.799600919835E-03    0.0000
    0.005445615872     -0.820009755297E-03    0.0000
    0.005516191878     -0.840925809017E-03    0.0000
    0.005587655622     -0.862361369504E-03    0.0000
    0.005660018268     -0.884329013553E-03    0.0000
    0.005733291124     -0.906841612684E-03    0.0000
    0.005807485640     -0.929912339704E-03    0.0000
    0.005882613408     -0.953554675415E-03    0.0000
    0.005958686166     -0.977782415445E-03    0.0000
    0.006035715802     -0.100260967723E-02    0.0000
    0.006113714352     -0.102805090712E-02    0.0000
    0.006192694003     -0.105412088765E-02    0.0000
    0.006272667095     -0.108083474494E-02    0.0000
    0.006353646125     -0.110820795623E-02    0.0000
    0.006435643746     -0.113625635761E-02    0.0000
    0.006518672770     -0.116499615185E-02    0.0000
    0.006602746170     -0.119444391642E-02    0.0000
    0.006687877084     -0.122461661166E-02    0.0000
    0.006774078813     -0.125553158906E-02    0.0000
    0.006861364826     -0.128720659981E-02    0.0000
    0.006949748762     -0.131965980340E-02    0.0000
    0.007039244431     -0.135290977647E-02    0.0000
    0.007129865816     -0.138697552175E-02    0.0000
    0.007221627079     -0.142187647725E-02    0.0000
    0.007314542556     -0.145763252559E-02    0.0000
    0.007408626766     -0.149426400347E-02    0.0000
    0.007503894410     -0.153179171139E-02    0.0000
    0.007600360373     -0.157023692348E-02    0.0000
    0.007698039729     -0.160962139757E-02    0.0000
    0.007796947739     -0.164996738541E-02    0.0000
    0.007897099860     -0.169129764308E-02    0.0000
    0.007998511738     -0.173363544160E-02    0.0000
    0.008101199222     -0.177700457776E-02    0.0000
    0.008205178354     -0.182142938505E-02    0.0000
    0.008310465384     -0.186693474492E-02    0.0000
    0.008417076761     -0.191354609809E-02    0.0000
    0.008525029144     -0.196128945623E-02    0.0000
    0.008634339401     -0.201019141368E-02    0.0000
    0.008745024611     -0.206027915947E-02    0.0000
    0.008857102071     -0.211158048953E-02    0.0000
    0.008970589291     -0.216412381910E-02    0.0000
    0.009085504004     -0.221793819533E-02    0.0000
    0.009201864167     -0.227305331016E-02    0.0000
    0.009319687961     -0.232949951332E-02    0.0000
    0.009438993795     -0.238730782565E-02    0.0000
    0.009559800312     -0.244650995253E-02    0.0000
    0.009682126388     -0.250713829761E-02    0.0000
    0.009805991136     -0.256922597675E-02    0.0000
    0.009931413912     -0.263280683211E-02    0.0000
    0.010058414311     -0.269791544659E-02    0.0000
    0.010187012179     -0.276458715837E-02    0.0000
    0.010317227609     -0.283285807577E-02    0.0000
    0.010449080948     -0.290276509224E-02    0.0000
    0.010582592797     -0.297434590170E-02    0.0000
    0.010717784018     -0.304763901400E-02    0.0000
    0.010854675736     -0.312268377065E-02    0.0000
    0.010993289340     -0.319952036079E-02    0.0000
    0.011133646488     -0.327818983740E-02    0.0000
    0.011275769112     -0.335873413368E-02    0.0000
    0.011419679418     -0.344119607970E-02    0.0000
    0.011565399893     -0.352561941932E-02    0.0000
    0.011712953306     -0.361204882724E-02    0.0000
    0.011862362713     -0.370052992639E-02    0.0000
    0.012013651458     -0.379110930542E-02    0.0000
    0.012166843182     -0.388383453657E-02    0.0000
    0.012321961820     -0.397875419361E-02    0.0000
    0.012479031611     -0.407591787013E-02    0.0000
    0.012638077096     -0.417537619795E-02    0.0000
    0.012799123128     -0.427718086584E-02    0.0000
    0.012962194869     -0.438138463837E-02    0.0000
    0.013127317799     -0.448804137508E-02    0.0000
    0.013294517721     -0.459720604973E-02    0.0000
    0.013463820759     -0.470893476988E-02    0.0000
    0.013635253367     -0.482328479659E-02    0.0000
    0.013808842332     -0.494031456441E-02    0.0000
    0.013984614777     -0.506008370144E-02    0.0000
    0.014162598167     -0.518265304971E-02    0.0000
    0.014342820313     -0.530808468567E-02    0.0000
    0.014525309374     -0.543644194089E-02    0.0000
    0.014710093865     -0.556778942291E-02    0.0000
    0.014897202659     -0.570219303634E-02    0.0000
    0.015086664991     -0.583972000400E-02    0.0000
    0.015278510467     -0.598043888832E-02    0.0000
    0.015472769061     -0.612441961282E-02    0.0000
    0.015669471128     -0.627173348378E-02    0.0000
    0.015868647402     -0.642245321205E-02    0.0000
    0.016070329005     -0.657665293489E-02    0.0000
    0.016274547451     -0.673440823803E-02    0.0000
    0.016481334648     -0.689579617781E-02    0.0000
    0.016690722909     -0.706089530333E-02    0.0000
    0.016902744949     -0.722978567882E-02    0.0000
    0.017117433898     -0.740254890593E-02    0.0000
    0.017334823302     -0.757926814621E-02    0.0000
    0.017554947127     -0.776002814351E-02    0.0000
    0.017777839770     -0.794491524652E-02    0.0000
    0.018003536057     -0.813401743123E-02    0.0000
    0.018232071254     -0.832742432346E-02    0.0000
    0.018463481070     -0.852522722130E-02    0.0000
    0.018697801662     -0.872751911758E-02    0.0000
    0.018935069646     -0.893439472224E-02    0.0000
    0.019175322092     -0.914595048463E-02    0.0000
    0.019418596543     -0.936228461576E-02    0.0000
    0.019664931010     -0.958349711038E-02    0.0000
    0.019914363982     -0.980968976894E-02    0.0000
    0.020166934436     -0.100409662194E-01    0.0000
    0.020422681834     -0.102774319389E-01    0.0000
    0.020681646139     -0.105191942750E-01    0.0000
    0.020943867813     -0.107663624672E-01    0.0000
    0.021209387831     -0.110190476675E-01    0.0000
    0.021478247679     -0.112773629612E-01    0.0000
    0.021750489367     -0.115414233872E-01    0.0000
    0.022026155435     -0.118113459581E-01    0.0000
    0.022305288954     -0.120872496796E-01    0.0000
    0.022587933542     -0.123692555696E-01    0.0000
    0.022874133360     -0.126574866771E-01    0.0000
    0.023163933129     -0.129520681005E-01    0.0000
    0.023457378130     -0.132531270053E-01    0.0000
    0.023754514215     -0.135607926410E-01    0.0000
    0.024055387812     -0.138751963579E-01    0.0000
    0.024360045933     -0.141964716232E-01    0.0000
    0.024668536181     -0.145247540360E-01    0.0000
    0.024980906759     -0.148601813418E-01    0.0000
    0.025297206475     -0.152028934464E-01    0.0000
    0.025617484752     -0.155530324290E-01    0.0000
    0.025941791633     -0.159107425539E-01    0.0000
    0.026270177793     -0.162761702819E-01    0.0000
    0.026602694543     -0.166494642807E-01    0.0000
    0.026939393838     -0.170307754335E-01    0.0000
    0.027280328288     -0.174202568479E-01    0.0000
    0.027625551167     -0.178180638619E-01    0.0000
    0.027975116414     -0.182243540508E-01    0.0000
    0.028329078651     -0.186392872306E-01    0.0000
    0.028687493185     -0.190630254623E-01    0.0000
    0.029050416019     -0.194957330527E-01    0.0000
    0.029417903860     -0.199375765556E-01    0.0000
    0.029790014129     -0.203887247703E-01    0.0000
    0.030166804969     -0.208493487387E-01    0.0000
    0.030548335255     -0.213196217413E-01    0.0000
    0.030934664600     -0.217997192912E-01    0.0000
    0.031325853371     -0.222898191256E-01    0.0000
    0.031721962690     -0.227901011964E-01    0.0000
    0.032123054452     -0.233007476585E-01    0.0000
    0.032529191327     -0.238219428557E-01    0.0000
    0.032940436774     -0.243538733050E-01    0.0000
    0.033356855053     -0.248967276784E-01    0.0000
    0.033778511229     -0.254506967820E-01    0.0000
    0.034205471186     -0.260159735339E-01    0.0000
    0.034637801639     -0.265927529380E-01    0.0000
    0.035075570139     -0.271812320565E-01    0.0000
    0.035518845089     -0.277816099792E-01    0.0000
    0.035967695752     -0.283940877897E-01    0.0000
    0.036422192261     -0.290188685295E-01    0.0000
    0.036882405632     -0.296561571584E-01    0.0000
    0.037348407775     -0.303061605122E-01    0.0000
    0.037820271504     -0.309690872567E-01    0.0000
    0.038298070547     -0.316451478393E-01    0.0000
    0.038781879562     -0.323345544358E-01    0.0000
    0.039271774146     -0.330375208954E-01    0.0000
    0.039767830845     -0.337542626801E-01    0.0000
    0.040270127169     -0.344849968018E-01    0.0000
    0.040778741603     -0.352299417552E-01    0.0000
    0.041293753619     -0.359893174456E-01    0.0000
    0.041815243689     -0.367633451144E-01    0.0000
    0.042343293296     -0.375522472586E-01    0.0000
    0.042877984950     -0.383562475467E-01    0.0000
    0.043419402197     -0.391755707302E-01    0.0000
    0.043967629634     -0.400104425500E-01    0.0000
    0.044522752924     -0.408610896383E-01    0.0000
    0.045084858805     -0.417277394151E-01    0.0000
    0.045654035108     -0.426106199805E-01    0.0000
    0.046230370767     -0.435099600009E-01    0.0000
    0.046813955836     -0.444259885899E-01    0.0000
    0.047404881502     -0.453589351849E-01    0.0000
    0.048003240098     -0.463090294162E-01    0.0000
    0.048609125118     -0.472765009720E-01    0.0000
    0.049222631234     -0.482615794562E-01    0.0000
    0.049843854306     -0.492644942415E-01    0.0000
    0.050472891403     -0.502854743148E-01    0.0000
    0.051109840813     -0.513247481172E-01    0.0000
    0.051754802060     -0.523825433778E-01    0.0000
    0.052407875920     -0.534590869398E-01    0.0000
    0.053069164439     -0.545546045806E-01    0.0000
    0.053738770943     -0.556693208251E-01    0.0000
    0.054416800060     -0.568034587514E-01    0.0000
    0.055103357734     -0.579572397897E-01    0.0000
    0.055798551240     -0.591308835140E-01    0.0000
    0.056502489203     -0.603246074259E-01    0.0000
    0.057215281617     -0.615386267312E-01    0.0000
    0.057937039855     -0.627731541088E-01    0.0000
    0.058667876694     -0.640283994713E-01    0.0000
    0.059407906329     -0.653045697183E-01    0.0000
    0.060157244391     -0.666018684815E-01    0.0000
    0.060916007965     -0.679204958606E-01    0.0000
    0.061684315610     -0.692606481527E-01    0.0000
    0.062462287376     -0.706225175717E-01    0.0000
    0.063250044822     -0.720062919598E-01    0.0000
    0.064047711036     -0.734121544907E-01    0.0000
    0.064855410657     -0.748402833634E-01    0.0000
    0.065673269888     -0.762908514880E-01    0.0000
    0.066501416522     -0.777640261618E-01    0.0000
    0.067339979958     -0.792599687371E-01    0.0000
    0.068189091223     -0.807788342799E-01    0.0000
    0.069048882994     -0.823207712191E-01    0.0000
    0.069919489613     -0.838859209872E-01    0.0000
    0.070801047116     -0.854744176516E-01    0.0000
    0.071693693247     -0.870863875367E-01    0.0000
    0.072597567484     -0.887219488366E-01    0.0000
    0.073512811060     -0.903812112191E-01    0.0000
    0.074439566982     -0.920642754204E-01    0.0000
    0.075377980059     -0.937712328300E-01    0.0000
    0.076328196920     -0.955021650677E-01    0.0000
    0.077290366037     -0.972571435498E-01    0.0000
    0.078264637751     -0.990362290479E-01    0.0000
    0.079251164296     -0.100839471238E+00    0.0000
    0.080250099816     -0.102666908240E+00    0.0000
    0.081261600399     -0.104518566151E+00    0.0000
    0.082285824093     -0.106394458564E+00    0.0000
    0.083322930934     -0.108294586087E+00    0.0000
    0.084373082974     -0.110218935845E+00    0.0000
    0.085436444301     -0.112167480982E+00    0.0000
    0.086513181066     -0.114140180142E+00    0.0000
    0.087603461513     -0.116136976961E+00    0.0000
    0.088707455999     -0.118157799532E+00    0.0000
    0.089825337027     -0.120202559880E+00    0.0000
    0.090957279266     -0.122271153411E+00    0.0000
    0.092103459587     -0.124363458376E+00    0.0000
    0.093264057081     -0.126479335307E+00    0.0000
    0.094439253094     -0.128618626465E+00    0.0000
    0.095629231254     -0.130781155269E+00    0.0000
    0.096834177496     -0.132966725724E+00    0.0000
    0.098054280096     -0.135175121851E+00    0.0000
    0.099289729698     -0.137406107099E+00    0.0000
    0.100540719342     -0.139659423765E+00    0.0000
    0.101807444499     -0.141934792401E+00    0.0000
    0.103090103097     -0.144231911229E+00    0.0000
    0.104388895554     -0.146550455542E+00    0.0000
    0.105704024809     -0.148890077111E+00    0.0000
    0.107035696354     -0.151250403589E+00    0.0000
    0.108384118265     -0.153631037914E+00    0.0000
    0.109749501235     -0.156031557715E+00    0.0000
    0.111132058609     -0.158451514714E+00    0.0000
    0.112532006413     -0.160890434138E+00    0.0000
    0.113949563394     -0.163347814132E+00    0.0000
    0.115384951046     -0.165823125168E+00    0.0000
    0.116838393652     -0.168315809475E+00    0.0000
    0.118310118316     -0.170825280463E+00    0.0000
    0.119800354997     -0.173350922161E+00    0.0000
    0.121309336548     -0.175892088664E+00    0.0000
    0.122837298750     -0.178448103587E+00    0.0000
    0.124384480350     -0.181018259540E+00    0.0000
    0.125951123100     -0.183601817604E+00    0.0000
    0.127537471789     -0.186198006832E+00    0.0000
    0.129143774289     -0.188806023768E+00    0.0000
    0.130770281586     -0.191425031971E+00    0.0000
    0.132417247827     -0.194054161578E+00    0.0000
    0.134084930353     -0.196692508869E+00    0.0000
    0.135773589743     -0.199339135868E+00    0.0000
    0.137483489853     -0.201993069962E+00    0.0000
    0.139214897858     -0.204653303540E+00    0.0000
    0.140968084296     -0.207318793663E+00    0.0000
    0.142743323104     -0.209988461759E+00    0.0000
    0.144540891667     -0.212661193332E+00    0.0000
    0.146361070860     -0.215335837705E+00    0.0000
    0.148204145088     -0.218011207779E+00    0.0000
    0.150070402336     -0.220686079813E+00    0.0000
    0.151960134210     -0.223359193216E+00    0.0000
    0.153873635985     -0.226029250360E+00    0.0000
    0.155811206650     -0.228694916395E+00    0.0000
    0.157773148953     -0.231354819067E+00    0.0000
    0.159759769453     -0.234007548544E+00    0.0000
    0.161771378562     -0.236651657224E+00    0.0000
    0.163808290599     -0.239285659539E+00    0.0000
    0.165870823835     -0.241908031745E+00    0.0000
    0.167959300545     -0.244517211686E+00    0.0000
    0.170074047059     -0.247111598540E+00    0.0000
    0.172215393809     -0.249689552543E+00    0.0000
    0.174383675386     -0.252249394684E+00    0.0000
    0.176579230587     -0.254789406391E+00    0.0000
    0.178802402473     -0.257307829193E+00    0.0000
    0.181053538419     -0.259802864380E+00    0.0000
    0.183332990169     -0.262272672673E+00    0.0000
    0.185641113893     -0.264715373903E+00    0.0000
    0.187978270239     -0.267129046728E+00    0.0000
    0.190344824392     -0.269511728406E+00    0.0000
    0.192741146133     -0.271861414629E+00    0.0000
    0.195167609890     -0.274176059453E+00    0.0000
    0.197624594805     -0.276453575338E+00    0.0000
    0.200112484785     -0.278691833314E+00    0.0000
    0.202631668568     -0.280888663298E+00    0.0000
    0.205182539783     -0.283041854567E+00    0.0000
    0.207765497007     -0.285149156413E+00    0.0000
    0.210380943834     -0.287208278971E+00    0.0000
    0.213029288932     -0.289216894230E+00    0.0000
    0.215710946111     -0.291172637232E+00    0.0000
    0.218426334384     -0.293073107437E+00    0.0000
    0.221175878037     -0.294915870242E+00    0.0000
    0.223960006692     -0.296698458657E+00    0.0000
    0.226779155374     -0.298418375087E+00    0.0000
    0.229633764582     -0.300073093231E+00    0.0000
    0.232524280352     -0.301660060050E+00    0.0000
    0.235451154336     -0.303176697811E+00    0.0000
    0.238414843862     -0.304620406165E+00    0.0000
    0.241415812013     -0.305988564272E+00    0.0000
    0.244454527696     -0.307278532939E+00    0.0000
    0.247531465718     -0.308487656789E+00    0.0000
    0.250647106855     -0.309613266438E+00    0.0000
    0.253801937933     -0.310652680701E+00    0.0000
    0.256996451901     -0.311603208812E+00    0.0000
    0.260231147909     -0.312462152674E+00    0.0000
    0.263506531383     -0.313226809145E+00    0.0000
    0.266823114110     -0.313894472348E+00    0.0000
    0.270181414311     -0.314462436040E+00    0.0000
    0.273581956729     -0.314927996007E+00    0.0000
    0.277025272705     -0.315288452526E+00    0.0000
    0.280511900264     -0.315541112863E+00    0.0000
    0.284042384199     -0.315683293826E+00    0.0000
    0.287617276156     -0.315712324370E+00    0.0000
    0.291237134717     -0.315625548250E+00    0.0000
    0.294902525494     -0.315420326723E+00    0.0000
    0.298614021211     -0.315094041286E+00    0.0000
    0.302372201797     -0.314644096468E+00    0.0000
    0.306177654475     -0.314067922650E+00    0.0000
    0.310030973856     -0.313362978925E+00    0.0000
    0.313932762028     -0.312526755985E+00    0.0000
    0.317883628653     -0.311556779038E+00    0.0000
    0.321884191062     -0.310450610746E+00    0.0000
    0.325935074352     -0.309205854184E+00    0.0000
    0.330036911481     -0.307820155818E+00    0.0000
    0.334190343370     -0.306291208491E+00    0.0000
    0.338396019000     -0.304616754428E+00    0.0000
    0.342654595518     -0.302794588240E+00    0.0000
    0.346966738334     -0.300822559937E+00    0.0000
    0.351333121229     -0.298698577951E+00    0.0000
    0.355754426460     -0.296420612149E+00    0.0000
    0.360231344864     -0.293986696848E+00    0.0000
    0.364764575970     -0.291394933835E+00    0.0000
    0.369354828104     -0.288643495371E+00    0.0000
    0.374002818501     -0.285730627192E+00    0.0000
    0.378709273421     -0.282654651507E+00    0.0000
    0.383474928255     -0.279413969977E+00    0.0000
    0.388300527648     -0.276007066688E+00    0.0000
    0.393186825609     -0.272432511109E+00    0.0000
    0.398134585633     -0.268688961034E+00    0.0000
    0.403144580816     -0.264775165509E+00    0.0000
    0.408217593980     -0.260689967733E+00    0.0000
    0.413354417795     -0.256432307954E+00    0.0000
    0.418555854900     -0.252001226320E+00    0.0000
    0.423822718028     -0.247395865729E+00    0.0000
    0.429155830140     -0.242615474629E+00    0.0000
    0.434556024544     -0.237659409809E+00    0.0000
    0.440024145031     -0.232527139143E+00    0.0000
    0.445561046007     -0.227218244305E+00    0.0000
    0.451167592623     -0.221732423448E+00    0.0000
    0.456844660915     -0.216069493834E+00    0.0000
    0.462593137935     -0.210229394429E+00    0.0000
    0.468413921894     -0.204212188438E+00    0.0000
    0.474307922303     -0.198018065797E+00    0.0000
    0.480276060110     -0.191647345597E+00    0.0000
    0.486319267849     -0.185100478455E+00    0.0000
    0.492438489784     -0.178378048806E+00    0.0000
    0.498634682055     -0.171480777128E+00    0.0000
    0.504908812831     -0.164409522083E+00    0.0000
    0.511261862456     -0.157165282572E+00    0.0000
    0.517694823609     -0.149749199693E+00    0.0000
    0.524208701451     -0.142162558599E+00    0.0000
    0.530804513791     -0.134406790246E+00    0.0000
    0.537483291236     -0.126483473022E+00    0.0000
    0.544246077359     -0.118394334250E+00    0.0000
    0.551093928861     -0.110141251553E+00    0.0000
    0.558027915730     -0.101726254085E+00    0.0000
    0.565049121417     -0.931515235964E-01    0.0000
    0.572158643000     -0.844193953485E-01    0.0000
    0.579357591356     -0.755323588543E-01    0.0000
    0.586647091334     -0.664930584436E-01    0.0000
    0.594028281935     -0.573042936448E-01    0.0000
    0.601502316484     -0.479690193745E-01    0.0000
    0.609070362814     -0.384903459332E-01    0.0000
    0.616733603449     -0.288715387994E-01    0.0000
    0.624493235784     -0.191160182224E-01    0.0000
    0.632350472279     -0.922735861066E-02    0.0000
    0.640306540642      0.790712283041E-03    0.0000
    0.648362684026      0.109343143761E-01    0.0000
    0.656520161218      0.211994164670E-01    0.0000
    0.664780246843      0.315818376350E-01    0.0000
    0.673144231554      0.420772488207E-01    0.0000
    0.681613422241      0.526811745764E-01    0.0000
    0.690189142233      0.633889949754E-01    0.0000
    0.698872731503      0.741959476673E-01    0.0000
    0.707665546881      0.850971300673E-01    0.0000
    0.716568962260      0.960875016656E-01    0.0000
    0.725584368818      0.107161886450E+00    0.0000
    0.734713175231      0.118314975431E+00    0.0000
    0.743956807893      0.129541329269E+00    0.0000
    0.753316711140      0.140835381011E+00    0.0000
    0.762794347477      0.152191438938E+00    0.0000
    0.772391197803      0.163603689563E+00    0.0000
    0.782108761646      0.175066200802E+00    0.0000
    0.791948557395      0.186572925371E+00    0.0000
    0.801912122538      0.198117704493E+00    0.0000
    0.812001013902      0.209694271987E+00    0.0000
    0.822216807897      0.221296258874E+00    0.0000
    0.832561100762      0.232917198628E+00    0.0000
    0.843035508814      0.244550533258E+00    0.0000
    0.853641668699      0.256189620417E+00    0.0000
    0.864381237653      0.267827741778E+00    0.0000
    0.875255893754      0.279458112930E+00    0.0000
    0.886267336190      0.291073895067E+00    0.0000
    0.897417285522      0.302668208743E+00    0.0000
    0.908707483950      0.314234149897E+00    0.0000
    0.920139695593      0.325764808297E+00    0.0000
    0.931715706755      0.337253288346E+00    0.0000
    0.943437326213      0.348692731951E+00    0.0000
    0.955306385494      0.360076342744E+00    0.0000
    0.967324739161      0.371397410462E+00    0.0000
    0.979494265107      0.382649333627E+00    0.0000
    0.991816864846      0.393825638020E+00    0.0000
    1.004294463809      0.404919987797E+00    0.0000
    1.016929011645      0.415926185747E+00    0.0000
    1.029722482530      0.426838159233E+00    0.0000
    1.042676875467      0.437649929178E+00    0.0000
    1.055794214609      0.448355561052E+00    0.0000
    1.069076549565      0.458949099283E+00    0.0000
    1.082525955728      0.469424489536E+00    0.0000
    1.096144534595      0.479775496318E+00    0.0000
    1.109934414096      0.489995625645E+00    0.0000
    1.123897748927      0.500078063291E+00    0.0000
    1.138036720890      0.510015637907E+00    0.0000
    1.152353539226      0.519800815060E+00    0.0000
    1.166850440968      0.529425723572E+00    0.0000
    1.181529691286      0.538882210518E+00    0.0000
    1.196393583842      0.548161917126E+00    0.0000
    1.211444441151      0.557256365517E+00    0.0000
    1.226684614939      0.566157046192E+00    0.0000
    1.242116486515      0.574855497981E+00    0.0000
    1.257742467139      0.583343375105E+00    0.0000
    1.273564998404      0.591612499107E+00    0.0000
    1.289586552611      0.599654895994E+00    0.0000
    1.305809633161      0.607462820644E+00    0.0000
    1.322236774944      0.615028771365E+00    0.0000
    1.338870544734      0.622345497598E+00    0.0000
    1.355713541591      0.629406003420E+00    0.0000
    1.372768397268      0.636203548993E+00    0.0000
    1.390037776620      0.642731651487E+00    0.0000
    1.407524378024      0.648984086498E+00    0.0000
    1.425230933796      0.654954890568E+00    0.0000
    1.443160210622      0.660638365078E+00    0.0000
    1.461315009988      0.666029081566E+00    0.0000
    1.479698168618      0.671121888380E+00    0.0000
    1.498312558917      0.675911918460E+00    0.0000
    1.517161089423      0.680394598025E+00    0.0000
    1.536246705257      0.684565655876E+00    0.0000
    1.555572388584      0.688421133058E+00    0.0000
    1.575141159083      0.691957392611E+00    0.0000
    1.594956074413      0.695171129184E+00    0.0000
    1.615020230696      0.698059378289E+00    0.0000
    1.635336762996      0.700619525027E+00    0.0000
    1.655908845812      0.702849312123E+00    0.0000
    1.676739693576      0.704746847175E+00    0.0000
    1.697832561149      0.706310609006E+00    0.0000
    1.719190744334      0.707539453088E+00    0.0000
    1.740817580392      0.708432615971E+00    0.0000
    1.762716448559      0.708989718730E+00    0.0000
    1.784890770578      0.709210769416E+00    0.0000
    1.807344011232      0.709096164530E+00    0.0000
    1.830079678886      0.708646689551E+00    0.0000
    1.853101326033      0.707863518545E+00    0.0000
    1.876412549853      0.706748212903E+00    0.0000
    1.900016992773      0.705302719241E+00    0.0000
    1.923918343034      0.703529366522E+00    0.0000
    1.948120335271      0.701430862435E+00    0.0000
    1.972626751094      0.699010289078E+00    0.0000
    1.997441419681      0.696271098003E+00    0.0000
    2.022568218375      0.693217104650E+00    0.0000
    2.048011073288      0.689852482216E+00    0.0000
    2.073773959919      0.686181755010E+00    0.0000
    2.099860903771      0.682209791309E+00    0.0000
    2.126275980983      0.677941795765E+00    0.0000
    2.153023318962      0.673383301379E+00    0.0000
    2.180107097037      0.668540161073E+00    0.0000
    2.207531547101      0.663418538877E+00    0.0000
    2.235300954282      0.658024900753E+00    0.0000
    2.263419657605      0.652366005052E+00    0.0000
    2.291892050675      0.646448892626E+00    0.0000
    2.320722582362      0.640280876591E+00    0.0000
    2.349915757494      0.633869531728E+00    0.0000
    2.379476137565      0.627222683525E+00    0.0000
    2.409408341445      0.620348396836E+00    0.0000
    2.439717046100      0.613254964143E+00    0.0000
    2.470406987328      0.605950893395E+00    0.0000
    2.501482960495      0.598444895393E+00    0.0000
    2.532949821284      0.590745870704E+00    0.0000
    2.564812486457      0.582862896049E+00    0.0000
    2.597075934620      0.574805210159E+00    0.0000
    2.629745207002      0.566582199053E+00    0.0000
    2.662825408243      0.558203380709E+00    0.0000
    2.696321707193      0.549678389117E+00    0.0000
    2.730239337716      0.541016957697E+00    0.0000
    2.764583599510      0.532228902075E+00    0.0000
    2.799359858938      0.523324102227E+00    0.0000
    2.834573549859      0.514312484017E+00    0.0000
    2.870230174485      0.505204000170E+00    0.0000
    2.906335304236      0.496008610732E+00    0.0000
    2.942894580613      0.486736263101E+00    0.0000
    2.979913716075      0.477396871712E+00    0.0000
    3.017398494939      0.468000297507E+00    0.0000
    3.055354774277      0.458556327298E+00    0.0000
    3.093788484836      0.449074653187E+00    0.0000
    3.132705631960      0.439564852188E+00    0.0000
    3.172112296534      0.430036366225E+00    0.0000
    3.212014635928      0.420498482665E+00    0.0000
    3.252418884965      0.410960315572E+00    0.0000
    3.293331356890      0.401430787803E+00    0.0000
    3.334758444361      0.391918614290E+00    0.0000
    3.376706620444      0.382432286298E+00    0.0000
    3.419182439627      0.372980057147E+00    0.0000
    3.462192538844      0.363569929333E+00    0.0000
    3.505743638509      0.354209643184E+00    0.0000
    3.549842543571      0.344906667107E+00    0.0000
    3.594496144573      0.335668189476E+00    0.0000
    3.639711418731      0.326501112188E+00    0.0000
    3.685495431025      0.317412045861E+00    0.0000
    3.731855335298      0.308407306659E+00    0.0000
    3.778798375380      0.299492914684E+00    0.0000
    3.826331886218      0.290674593847E+00    0.0000
    3.874463295018      0.281957773139E+00    0.0000
    3.923200122411      0.273347589169E+00    0.0000
    3.972549983626      0.264848889846E+00    0.0000
    4.022520589679      0.256466239060E+00    0.0000
    4.073119748578      0.248203922212E+00    0.0000
    4.124355366546      0.240065952420E+00    0.0000
    4.176235449251      0.232056077254E+00    0.0000
    4.228768103063      0.224177785826E+00    0.0000
    4.281961536315      0.216434316078E+00    0.0000
    4.335824060589      0.208828662101E+00    0.0000
    4.390364092015      0.201363581366E+00    0.0000
    4.445590152583      0.194041601702E+00    0.0000
    4.501510871478      0.186865027921E+00    0.0000
    4.558134986425      0.179835947995E+00    0.0000
    4.615471345059      0.172956238681E+00    0.0000
    4.673528906301      0.166227570569E+00    0.0000
    4.732316741763      0.159651412478E+00    0.0000
    4.791844037165      0.153229035230E+00    0.0000
    4.852120093768      0.146961514780E+00    0.0000
    4.913154329828      0.140849734749E+00    0.0000
    4.974956282068      0.134894388421E+00    0.0000
    5.037535607170      0.129095980263E+00    0.0000
    5.100902083280      0.123454827066E+00    0.0000
    5.165065611539      0.117971058810E+00    0.0000
    5.230036217629      0.112644619351E+00    0.0000
    5.295824053339      0.107475267059E+00    0.0000
    5.362439398153      0.102462575513E+00    0.0000
    5.429892660853      0.976059343684E-01    0.0000
    5.498194381149      0.929045505064E-01    0.0000
    5.567355231324      0.883574495596E-01    0.0000
    5.637386017902      0.839634779029E-01    0.0000
    5.708297683335      0.797213051821E-01    0.0000
    5.780101307715      0.756294274375E-01    0.0000
    5.852808110505      0.716861708672E-01    0.0000
    5.926429452291      0.678896962565E-01    0.0000
    6.000976836556      0.642380040839E-01    0.0000
    6.076461911482      0.607289403039E-01    0.0000
    6.152896471765      0.573602027865E-01    0.0000
    6.230292460461      0.541293483864E-01    0.0000
    6.308661970850      0.510338006023E-01    0.0000
    6.388017248327      0.480708577753E-01    0.0000
    6.468370692317      0.452377017719E-01    0.0000
    6.549734858208      0.425314070874E-01    0.0000
    6.632122459317      0.399489503043E-01    0.0000
    6.715546368874      0.374872198338E-01    0.0000
    6.800019622035      0.351430258722E-01    0.0000
    6.885555417917      0.329131104984E-01    0.0000
    6.972167121663      0.307941578435E-01    0.0000
    7.059868266526      0.287828042650E-01    0.0000
    7.148672555991      0.268756484578E-01    0.0000
    7.238593865908      0.250692614425E-01    0.0000
    7.329646246663      0.233601963712E-01    0.0000
    7.421843925378      0.217449980980E-01    0.0000
    7.515201308126      0.202202124641E-01    0.0000
    7.609732982189      0.187823952557E-01    0.0000
    7.705453718334      0.174281207920E-01    0.0000
    7.802378473120      0.161539901130E-01    0.0000
    7.900522391236      0.149566387348E-01    0.0000
    7.999900807871      0.138327439504E-01    0.0000
    8.100529251104      0.127790316545E-01    0.0000
    8.202423444333      0.117922826794E-01    0.0000
    8.305599308735      0.108693386294E-01    0.0000
    8.410072965746      0.100071072084E-01    0.0000
    8.515860739590      0.920256703762E-02    0.0000
    8.622979159821      0.845277196446E-02    0.0000
    8.731444963909      0.775485486656E-02    0.0000
    8.841275099859      0.710603095861E-02    0.0000
    8.952486728851      0.650360061180E-02    0.0000
    9.065097227929      0.594495169856E-02    0.0000
    9.179124192712      0.542756147731E-02    0.0000
    9.294585440147      0.494899803405E-02    0.0000
    9.411499011287      0.450692129907E-02    0.0000
    9.529883174116      0.409908365891E-02    0.0000
    9.649756426400      0.372333018431E-02    0.0000
    9.771137498580      0.337759849661E-02    0.0000
    9.894045356693      0.305991829503E-02    0.0000
   10.018499205344      0.276841056854E-02    0.0000
   10.144518490700      0.250128651576E-02    0.0000
   10.272122903529      0.225684619693E-02    0.0000
   10.401332382281      0.203347694184E-02    0.0000
   10.532167116201      0.182965153735E-02    0.0000
   10.664647548481      0.164392621801E-02    0.0000
   10.798794379458      0.147493848268E-02    0.0000
   10.934628569848      0.132140475968E-02    0.0000
   11.072171344020      0.118211794218E-02    0.0000
   11.211444193311      0.105594481472E-02    0.0000
   11.352468879388      0.941823391240E-03    0.0000
   11.495267437645      0.838760183675E-03    0.0000
   11.639862180647      0.745827419456E-03    0.0000
   11.786275701617      0.662160225136E-03    0.0000
   11.934530877965      0.586953792330E-03    0.0000
   12.084650874865      0.519460541037E-03    0.0000
   12.236659148871      0.458987294318E-03    0.0000
   12.390579451585      0.404892477178E-03    0.0000
   12.546435833368      0.356583351373E-03    0.0000
   12.704252647097      0.313513296759E-03    0.0000
   12.864054551969      0.275179148662E-03    0.0000
   13.025866517358      0.241118599720E-03    0.0000
   13.189713826713      0.210907673539E-03    0.0000
   13.355622081508      0.184158276513E-03    0.0000
   13.523617205246      0.160515833165E-03    0.0000
   13.693725447507      0.139657009428E-03    0.0000
   13.865973388050      0.121287527361E-03    0.0000
   14.040387940967      0.105140073974E-03    0.0000
   14.216996358885      0.909723061715E-04    0.0000
   14.395826237229      0.785649524062E-04    0.0000
   14.576905518533      0.677200119975E-04    0.0000
   14.760262496801      0.582590562019E-04    0.0000
   14.945925821935      0.500216091406E-04    0.0000
   15.133924504207      0.428636344994E-04    0.0000
   15.324287918793      0.366562010771E-04    0.0000
   15.517045810366      0.312839527383E-04    0.0000
   15.712228297736      0.266441078422E-04    0.0000
   15.909865878566      0.226451231751E-04    0.0000
   16.109989434128      0.192057207546E-04    0.0000
   16.312630234136      0.162538887532E-04    0.0000
   16.517819941628      0.137259651734E-04    0.0000
   16.725590617911      0.115657946843E-04    0.0000
   16.935974727578      0.972395478695E-05    0.0000
   17.149005143573      0.815704746371E-05    0.0000
   17.364715152333      0.682705246993E-05    0.0000
   17.583138458984      0.570073845994E-05    0.0000
   17.804309192614      0.474912819667E-05    0.0000
   18.028261911598      0.394701417301E-05    0.0000
   18.255031609006      0.327252107029E-05    0.0000
   18.484653718064      0.270671159273E-05    0.0000
   18.717164117693      0.223323234371E-05    0.0000
   18.952599138116      0.183799654794E-05    0.0000
   19.190995566535      0.150890057050E-05    0.0000
   19.432390652876      0.123557133714E-05    0.0000
   19.676822115613      0.100914191854E-05    0.0000
   19.924328147659      0.822052701646E-06    0.0000
   20.174947422335      0.667875732782E-06    0.0000
   20.428719099413      0.541159978268E-06    0.0000
   20.685682831233      0.437295406853E-06    0.0000
   20.945878768901      0.352393953833E-06    0.0000
   21.209347568563      0.283185577799E-06    0.0000
   21.476130397753      0.226927766812E-06    0.0000
   21.746268941833      0.181326990650E-06    0.0000
   22.019805410498      0.144470729098E-06    0.0000
   22.296782544379      0.114768832518E-06    0.0000
   22.577243621717      0.909030899690E-07    0.0000
   22.861232465125      0.717839916374E-07    0.0000
   23.148793448437      0.565137762701E-07    0.0000
   23.439971503643      0.443549507141E-07    0.0000
   23.734812127907      0.347035575887E-07    0.0000
   24.033361390675      0.270665487985E-07    0.0000
   24.335665940877      0.210426972201E-07    0.0000
   24.641773014214      0.163065467760E-07    0.0000
   24.951730440540      0.125949625580E-07    0.0000
   25.265586651332      0.969589802989E-08    0.0000
   25.583390687262      0.743904600922E-08    0.0000
   25.905192205858      0.568808447561E-08    0.0000
   26.231041489261      0.433426767551E-08    0.0000
   26.560989452085      0.329114788090E-08    0.0000
   26.895087649371      0.249024389351E-08    0.0000
   27.233388284640      0.187749934354E-08    0.0000
   27.575944218057      0.141039737038E-08    0.0000
   27.922808974682      0.105561873510E-08    0.0000
   28.274036752839      0.787148124089E-09    0.0000
   28.629682432584      0.584748661934E-09    0.0000
   28.989801584277      0.432737740673E-09    0.0000
   29.354450477268      0.319008449762E-09    0.0000
   29.723686088689      0.234250393800E-09    0.0000
   30.097566112356      0.171331727298E-09    0.0000
   30.476148967782      0.124811011627E-09    0.0000
   30.859493809310      0.905531822770E-10    0.0000
   31.247660535349      0.654286592975E-10    0.0000
   31.640709797742      0.470785770022E-10    0.0000
   32.038703011236      0.337323711412E-10    0.0000
   32.441702363078      0.240666478321E-10    0.0000
   32.849770822739      0.170964600722E-10    0.0000
   33.262972151744      0.120919135445E-10    0.0000
   33.681370913644      0.851448152163E-11    0.0000
   34.105032484094      0.596858685683E-11    0.0000
   34.534023061078      0.416495650152E-11    0.0000
   34.968409675246      0.289301221320E-11    0.0000
   35.408260200390      0.200016494375E-11    0.0000
   35.853643364049      0.137635891046E-11    0.0000
   36.304628758250      0.942588674195E-12    0.0000
   36.761286850377      0.642408593424E-12    0.0000
   37.223688994187      0.435685125840E-12    0.0000
   37.691907440955      0.294021937334E-12    0.0000
   38.166015350766      0.197426464173E-12    0.0000
   38.646086803946      0.131893176927E-12    0.0000
   39.132196812635      0.876603077204E-13    0.0000
   39.624421332513      0.579588010875E-13    0.0000
   40.122837274660      0.381191532358E-13    0.0000
   40.627522517583      0.249370983724E-13    0.0000
   41.138555919378      0.162255134618E-13    0.0000
   41.656017330052      0.104995704174E-13    0.0000
   42.179987604005      0.675671364654E-14    0.0000
   42.710548612658      0.432374828926E-14    0.0000
   43.247783257247      0.275116004635E-14    0.0000
   43.791775481779      0.174048857894E-14    0.0000
   44.342610286146      0.109470051573E-14    0.0000
   44.900373739406      0.684473895233E-15    0.0000
   45.465152993235      0.425426090333E-15    0.0000
   46.037036295539      0.262823927113E-15    0.0000
   46.616113004247      0.161378900692E-15    0.0000
   47.202473601275      0.984774606291E-16    0.0000
   47.796209706658      0.597175478609E-16    0.0000
   48.397414092870      0.359839276714E-16    0.0000
   49.006180699320      0.215438199407E-16    0.0000
   49.622604647029      0.128147491982E-16    0.0000
   50.246782253492      0.757244466862E-17    0.0000
   50.878811047732      0.444493773390E-17    0.0000
   51.518789785532      0.259157297441E-17    0.0000
   52.166818464872      0.150069915845E-17    0.0000
   52.822998341552      0.863018600205E-18    0.0000
   53.487431945013      0.492840642546E-18    0.0000
   54.160223094358      0.279457569406E-18    0.0000
   54.841476914571      0.157329819623E-18    0.0000
   55.531299852949      0.879335207425E-19    0.0000
   56.229799695728      0.487874613688E-19    0.0000
   56.937085584932      0.268679208181E-19    0.0000
   57.653268035418      0.146856567368E-19    0.0000
   58.378458952151      0.796612669122E-20    0.0000
   59.112771647689      0.428801483734E-20    0.0000
   59.856320859883      0.229023982009E-20    0.0000
   60.609222769810      0.121361603155E-20    0.0000
   61.371595019927      0.637994651141E-21    0.0000
   62.143556732447      0.332695995868E-21    0.0000
   62.925228527960      0.172080643108E-21    0.0000
   63.716732544273      0.882732639228E-22    0.0000
   64.518192455500      0.449052983039E-22    0.0000
   65.329733491382      0.226514214365E-22    0.0000
   66.151482456857      0.113287182677E-22    0.0000
   66.983567751872      0.561708819821E-23    0.0000
   67.826119391449      0.276085960109E-23    0.0000
   68.679269025994      0.134504631866E-23    0.0000
   69.543149961875      0.649451919106E-24    0.0000
   70.417897182245      0.310763793813E-24    0.0000
   71.303647368136      0.147347943682E-24    0.0000
   72.200538919817      0.692220460566E-25    0.0000
   73.108711978419      0.322171966049E-25    0.0000
   74.028308447829      0.148535465059E-25    0.0000
   74.959472016866      0.678309163185E-26    0.0000
   75.902348181732      0.306786489255E-26    0.0000
   76.857084268747      0.137407876319E-26    0.0000
   77.823829457367      0.609410101451E-27    0.0000
   78.802734803494      0.267599949624E-27    0.0000
   79.793953263080      0.116331274021E-27    0.0000
   80.797639716027      0.500606808760E-28    0.0000
   81.813950990383      0.213227198003E-28    0.0000
   82.843045886855      0.898855458654E-29    0.0000
   83.885085203612      0.374968215641E-29    0.0000
   84.940231761418      0.154779140189E-29    0.0000
   86.008650429071      0.632120640475E-30    0.0000
   87.090508149159      0.255395622733E-30    0.0000
   88.185973964153      0.102072662099E-30    0.0000
   89.295219042816      0.403501139657E-31    0.0000
   90.418416706947      0.157752595672E-31    0.0000
   91.555742458468      0.609904846422E-32    0.0000
   92.707374006839      0.233162775159E-32    0.0000
   93.873491296835      0.881304571184E-33    0.0000
   95.054276536653      0.329322218057E-33    0.0000
   96.249914226390      0.121647507131E-33    0.0000
   97.460591186868      0.444152403602E-34    0.0000
   98.686496588825      0.160275603076E-34    0.0000
   99.927821982473      0.571570732615E-35    0.0000
  101.184761327432      0.201419179648E-35    0.0000
  102.457511023030      0.701328586246E-36    0.0000
  103.746269938999      0.241265146421E-36    0.0000
  105.051239446539      0.819944500893E-37    0.0000
  106.372623449792      0.275267712642E-37    0.0000
  107.710628417696      0.912757796112E-38    0.0000
  109.065463416250      0.298911542318E-38    0.0000
  110.437340141179      0.967193862385E-39    0.0000
  111.826472951012      0.309289284210E-39    0.0000
  113.233078900578      0.966840409794E-40    0.0000
  114.657377774917      0.286169496981E-40    0.0000
  116.099592123625      0.834144914246E-41    0.0000
  117.559947295631      0.239400822211E-41    0.0000
  119.038671474399      0.676380420662E-42    0.0000
