    0.0000020786              0.00000           0.00000           0.00000
    0.0000041833              0.00000           0.00000           0.00000
    0.0000063145              0.00000           0.00000           0.00000
    0.0000084726              0.00000           0.00000           0.00000
    0.0000106577              0.00000           0.00000           0.00000
    0.0000128704              0.00001           0.00000           0.00001
    0.0000151108              0.00001           0.00000           0.00001
    0.0000173795              0.00001           0.00000           0.00001
    0.0000196767              0.00001           0.00000           0.00001
    0.0000220028              0.00001           0.00000           0.00001
    0.0000243582              0.00002           0.00000           0.00002
    0.0000267431              0.00002           0.00000           0.00002
    0.0000291581              0.00003           0.00000           0.00003
    0.0000316035              0.00003           0.00000           0.00003
    0.0000340796              0.00003           0.00000           0.00003
    0.0000365868              0.00004           0.00000           0.00004
    0.0000391256              0.00005           0.00000           0.00005
    0.0000416964              0.00005           0.00000           0.00005
    0.0000442994              0.00006           0.00000           0.00006
    0.0000469352              0.00007           0.00000           0.00007
    0.0000496042              0.00007           0.00000           0.00007
    0.0000523067              0.00008           0.00000           0.00008
    0.0000550433              0.00009           0.00000           0.00009
    0.0000578142              0.00010           0.00000           0.00010
    0.0000606200              0.00011           0.00000           0.00011
    0.0000634611              0.00012           0.00000           0.00012
    0.0000663380              0.00013           0.00000           0.00013
    0.0000692510              0.00014           0.00000           0.00014
    0.0000722006              0.00016           0.00000           0.00015
    0.0000751874              0.00017           0.00000           0.00017
    0.0000782117              0.00018           0.00000           0.00018
    0.0000812741              0.00020           0.00000           0.00020
    0.0000843750              0.00021           0.00000           0.00021
    0.0000875149              0.00023           0.00000           0.00023
    0.0000906943              0.00024           0.00000           0.00024
    0.0000939137              0.00026           0.00000           0.00026
    0.0000971736              0.00028           0.00000           0.00028
    0.0001004744              0.00030           0.00000           0.00030
    0.0001038168              0.00032           0.00000           0.00032
    0.0001072013              0.00034           0.00000           0.00034
    0.0001106283              0.00036           0.00000           0.00036
    0.0001140984              0.00039           0.00000           0.00038
    0.0001176122              0.00041           0.00000           0.00041
    0.0001211702              0.00043           0.00000           0.00043
    0.0001247729              0.00046           0.00000           0.00046
    0.0001284209              0.00049           0.00000           0.00049
    0.0001321149              0.00052           0.00000           0.00051
    0.0001358553              0.00054           0.00000           0.00054
    0.0001396427              0.00058           0.00000           0.00057
    0.0001434778              0.00061           0.00000           0.00060
    0.0001473611              0.00064           0.00000           0.00064
    0.0001512933              0.00067           0.00000           0.00067
    0.0001552749              0.00071           0.00000           0.00071
    0.0001593066              0.00075           0.00000           0.00074
    0.0001633890              0.00079           0.00000           0.00078
    0.0001675228              0.00083           0.00000           0.00082
    0.0001717086              0.00087           0.00000           0.00086
    0.0001759470              0.00091           0.00000           0.00091
    0.0001802387              0.00095           0.00000           0.00095
    0.0001845844              0.00100           0.00000           0.00100
    0.0001889848              0.00105           0.00000           0.00104
    0.0001934405              0.00110           0.00000           0.00109
    0.0001979523              0.00115           0.00000           0.00114
    0.0002025208              0.00120           0.00000           0.00120
    0.0002071468              0.00126           0.00000           0.00125
    0.0002118310              0.00131           0.00000           0.00131
    0.0002165741              0.00137           0.00000           0.00137
    0.0002213768              0.00143           0.00000           0.00143
    0.0002262400              0.00150           0.00000           0.00149
    0.0002311643              0.00156           0.00000           0.00156
    0.0002361506              0.00163           0.00000           0.00162
    0.0002411996              0.00170           0.00000           0.00169
    0.0002463121              0.00177           0.00000           0.00176
    0.0002514890              0.00185           0.00000           0.00184
    0.0002567309              0.00192           0.00000           0.00192
    0.0002620388              0.00200           0.00000           0.00199
    0.0002674134              0.00209           0.00000           0.00208
    0.0002728556              0.00217           0.00000           0.00216
    0.0002783663              0.00226           0.00000           0.00225
    0.0002839463              0.00235           0.00000           0.00234
    0.0002895965              0.00244           0.00000           0.00243
    0.0002953178              0.00254           0.00000           0.00253
    0.0003011110              0.00264           0.00000           0.00263
    0.0003069771              0.00274           0.00000           0.00273
    0.0003129170              0.00285           0.00000           0.00283
    0.0003189316              0.00296           0.00000           0.00294
    0.0003250219              0.00307           0.00000           0.00305
    0.0003311887              0.00319           0.00000           0.00317
    0.0003374332              0.00331           0.00000           0.00329
    0.0003437561              0.00343           0.00000           0.00341
    0.0003501586              0.00356           0.00000           0.00354
    0.0003566417              0.00369           0.00000           0.00367
    0.0003632063              0.00382           0.00000           0.00380
    0.0003698534              0.00396           0.00000           0.00394
    0.0003765842              0.00411           0.00000           0.00409
    0.0003833997              0.00425           0.00000           0.00423
    0.0003903008              0.00441           0.00000           0.00439
    0.0003972888              0.00456           0.00000           0.00454
    0.0004043647              0.00473           0.00000           0.00470
    0.0004115295              0.00489           0.00000           0.00487
    0.0004187845              0.00507           0.00000           0.00504
    0.0004261308              0.00524           0.00000           0.00522
    0.0004335694              0.00542           0.00000           0.00540
    0.0004411017              0.00561           0.00000           0.00559
    0.0004487286              0.00581           0.00000           0.00578
    0.0004564515              0.00600           0.00000           0.00598
    0.0004642716              0.00621           0.00000           0.00618
    0.0004721900              0.00642           0.00000           0.00639
    0.0004802080              0.00664           0.00000           0.00661
    0.0004883269              0.00686           0.00000           0.00683
    0.0004965478              0.00709           0.00000           0.00706
    0.0005048722              0.00733           0.00000           0.00729
    0.0005133013              0.00757           0.00000           0.00753
    0.0005218365              0.00782           0.00000           0.00778
    0.0005304790              0.00808           0.00000           0.00804
    0.0005392301              0.00834           0.00000           0.00830
    0.0005480914              0.00861           0.00000           0.00857
    0.0005570642              0.00889           0.00000           0.00885
    0.0005661497              0.00918           0.00000           0.00914
    0.0005753496              0.00948           0.00000           0.00943
    0.0005846652              0.00978           0.00000           0.00974
    0.0005940980              0.01010           0.00000           0.01005
    0.0006036494              0.01042           0.00000           0.01037
    0.0006133210              0.01075           0.00000           0.01070
    0.0006231142              0.01109           0.00000           0.01104
    0.0006330306              0.01144           0.00000           0.01139
    0.0006430717              0.01180           0.00000           0.01175
    0.0006532392              0.01217           0.00000           0.01211
    0.0006635345              0.01255           0.00000           0.01249
    0.0006739593              0.01294           0.00000           0.01288
    0.0006845153              0.01335           0.00000           0.01328
    0.0006952040              0.01376           0.00000           0.01369
    0.0007060272              0.01418           0.00000           0.01412
    0.0007169865              0.01462           0.00000           0.01455
    0.0007280837              0.01507           0.00000           0.01500
    0.0007393205              0.01553           0.00000           0.01545
    0.0007506986              0.01600           0.00000           0.01593
    0.0007622198              0.01649           0.00000           0.01641
    0.0007738859              0.01699           0.00000           0.01691
    0.0007856988              0.01750           0.00000           0.01742
    0.0007976602              0.01803           0.00000           0.01794
    0.0008097722              0.01857           0.00000           0.01848
    0.0008220364              0.01912           0.00000           0.01903
    0.0008344550              0.01970           0.00000           0.01960
    0.0008470297              0.02028           0.00000           0.02019
    0.0008597626              0.02089           0.00000           0.02079
    0.0008726557              0.02150           0.00000           0.02140
    0.0008857110              0.02214           0.00000           0.02204
    0.0008989304              0.02279           0.00000           0.02269
    0.0009123162              0.02346           0.00000           0.02335
    0.0009258703              0.02415           0.00000           0.02404
    0.0009395949              0.02486           0.00000           0.02474
    0.0009534921              0.02558           0.00000           0.02546
    0.0009675642              0.02633           0.00000           0.02620
    0.0009818132              0.02709           0.00000           0.02697
    0.0009962415              0.02788           0.00000           0.02775
    0.0010108513              0.02868           0.00000           0.02855
    0.0010256448              0.02951           0.00000           0.02937
    0.0010406244              0.03036           0.00000           0.03022
    0.0010557924              0.03123           0.00000           0.03109
    0.0010711513              0.03213           0.00000           0.03198
    0.0010867033              0.03305           0.00000           0.03289
    0.0011024509              0.03399           0.00000           0.03383
    0.0011183966              0.03496           0.00000           0.03479
    0.0011345429              0.03595           0.00000           0.03578
    0.0011508923              0.03697           0.00000           0.03679
    0.0011674473              0.03801           0.00000           0.03783
    0.0011842106              0.03909           0.00000           0.03890
    0.0012011847              0.04019           0.00000           0.04000
    0.0012183724              0.04132           0.00000           0.04112
    0.0012357762              0.04248           0.00000           0.04228
    0.0012533990              0.04367           0.00000           0.04346
    0.0012712434              0.04489           0.00000           0.04468
    0.0012893122              0.04614           0.00001           0.04592
    0.0013076084              0.04742           0.00001           0.04720
    0.0013261346              0.04874           0.00001           0.04851
    0.0013448940              0.05009           0.00001           0.04986
    0.0013638892              0.05148           0.00001           0.05124
    0.0013831234              0.05290           0.00001           0.05265
    0.0014025996              0.05436           0.00001           0.05411
    0.0014223207              0.05586           0.00001           0.05560
    0.0014422899              0.05739           0.00001           0.05712
    0.0014625102              0.05897           0.00001           0.05869
    0.0014829850              0.06058           0.00001           0.06030
    0.0015037172              0.06224           0.00001           0.06195
    0.0015247102              0.06394           0.00001           0.06364
    0.0015459673              0.06568           0.00001           0.06537
    0.0015674918              0.06747           0.00001           0.06715
    0.0015892870              0.06930           0.00001           0.06898
    0.0016113563              0.07118           0.00001           0.07085
    0.0016337033              0.07311           0.00001           0.07276
    0.0016563314              0.07508           0.00001           0.07473
    0.0016792440              0.07711           0.00001           0.07675
    0.0017024449              0.07919           0.00001           0.07881
    0.0017259376              0.08131           0.00001           0.08093
    0.0017497258              0.08350           0.00001           0.08311
    0.0017738133              0.08574           0.00001           0.08533
    0.0017982037              0.08803           0.00001           0.08762
    0.0018229009              0.09038           0.00001           0.08996
    0.0018479087              0.09280           0.00001           0.09236
    0.0018732312              0.09527           0.00001           0.09482
    0.0018988721              0.09780           0.00001           0.09734
    0.0019248356              0.10040           0.00001           0.09993
    0.0019511256              0.10306           0.00001           0.10258
    0.0019777463              0.10579           0.00001           0.10530
    0.0020047019              0.10859           0.00001           0.10808
    0.0020319966              0.11146           0.00001           0.11093
    0.0020596345              0.11440           0.00001           0.11386
    0.0020876201              0.11741           0.00001           0.11686
    0.0021159577              0.12050           0.00001           0.11993
    0.0021446518              0.12366           0.00001           0.12308
    0.0021737068              0.12690           0.00001           0.12630
    0.0022031273              0.13022           0.00001           0.12961
    0.0022329178              0.13363           0.00002           0.13300
    0.0022630830              0.13712           0.00002           0.13647
    0.0022936277              0.14069           0.00002           0.14003
    0.0023245566              0.14435           0.00002           0.14367
    0.0023558745              0.14810           0.00002           0.14741
    0.0023875863              0.15195           0.00002           0.15123
    0.0024196970              0.15589           0.00002           0.15516
    0.0024522117              0.15992           0.00002           0.15917
    0.0024851353              0.16406           0.00002           0.16329
    0.0025184730              0.16829           0.00002           0.16750
    0.0025522301              0.17263           0.00002           0.17182
    0.0025864118              0.17708           0.00002           0.17624
    0.0026210235              0.18163           0.00002           0.18078
    0.0026560705              0.18629           0.00002           0.18542
    0.0026915583              0.19107           0.00002           0.19017
    0.0027274925              0.19596           0.00002           0.19504
    0.0027638788              0.20097           0.00002           0.20003
    0.0028007227              0.20611           0.00002           0.20514
    0.0028380300              0.21136           0.00002           0.21037
    0.0028758066              0.21675           0.00003           0.21573
    0.0029140584              0.22226           0.00003           0.22122
    0.0029527913              0.22790           0.00003           0.22683
    0.0029920115              0.23369           0.00003           0.23259
    0.0030317249              0.23961           0.00003           0.23848
    0.0030719379              0.24567           0.00003           0.24452
    0.0031126568              0.25188           0.00003           0.25069
    0.0031538877              0.25823           0.00003           0.25702
    0.0031956374              0.26474           0.00003           0.26350
    0.0032379121              0.27140           0.00003           0.27013
    0.0032807186              0.27822           0.00003           0.27692
    0.0033240636              0.28521           0.00003           0.28387
    0.0033679537              0.29235           0.00004           0.29098
    0.0034123960              0.29967           0.00004           0.29827
    0.0034573972              0.30717           0.00004           0.30572
    0.0035029645              0.31483           0.00004           0.31336
    0.0035491050              0.32268           0.00004           0.32117
    0.0035958258              0.33072           0.00004           0.32917
    0.0036431343              0.33894           0.00004           0.33735
    0.0036910379              0.34736           0.00004           0.34573
    0.0037395440              0.35597           0.00004           0.35431
    0.0037886603              0.36479           0.00005           0.36308
    0.0038383944              0.37381           0.00005           0.37206
    0.0038887540              0.38304           0.00005           0.38125
    0.0039397471              0.39249           0.00005           0.39065
    0.0039913816              0.40216           0.00005           0.40028
    0.0040436656              0.41205           0.00005           0.41012
    0.0040966073              0.42217           0.00005           0.42020
    0.0041502148              0.43253           0.00006           0.43050
    0.0042044967              0.44312           0.00006           0.44105
    0.0042594614              0.45396           0.00006           0.45184
    0.0043151174              0.46505           0.00006           0.46288
    0.0043714735              0.47640           0.00006           0.47417
    0.0044285384              0.48800           0.00006           0.48572
    0.0044863212              0.49987           0.00007           0.49754
    0.0045448307              0.51202           0.00007           0.50962
    0.0046040762              0.52444           0.00007           0.52198
    0.0046640670              0.53714           0.00007           0.53463
    0.0047248123              0.55013           0.00007           0.54756
    0.0047863217              0.56342           0.00008           0.56078
    0.0048486048              0.57700           0.00008           0.57431
    0.0049116714              0.59090           0.00008           0.58814
    0.0049755312              0.60511           0.00008           0.60228
    0.0050401943              0.61964           0.00009           0.61674
    0.0051056707              0.63449           0.00009           0.63153
    0.0051719707              0.64968           0.00009           0.64665
    0.0052391047              0.66521           0.00009           0.66211
    0.0053070831              0.68109           0.00010           0.67791
    0.0053759166              0.69732           0.00010           0.69406
    0.0054456159              0.71391           0.00010           0.71058
    0.0055161919              0.73087           0.00011           0.72746
    0.0055876556              0.74820           0.00011           0.74471
    0.0056600183              0.76592           0.00011           0.76235
    0.0057332911              0.78403           0.00012           0.78038
    0.0058074856              0.80254           0.00012           0.79880
    0.0058826134              0.82145           0.00012           0.81763
    0.0059586862              0.84078           0.00013           0.83687
    0.0060357158              0.86053           0.00013           0.85653
    0.0061137144              0.88072           0.00014           0.87662
    0.0061926940              0.90134           0.00014           0.89714
    0.0062726671              0.92241           0.00014           0.91812
    0.0063536461              0.94393           0.00015           0.93954
    0.0064356437              0.96592           0.00015           0.96143
    0.0065186728              0.98838           0.00016           0.98379
    0.0066027462              1.01133           0.00016           1.00663
    0.0066878771              1.03477           0.00017           1.02996
    0.0067740788              1.05871           0.00017           1.05379
    0.0068613648              1.08315           0.00018           1.07813
    0.0069497488              1.10812           0.00019           1.10298
    0.0070392444              1.13362           0.00019           1.12836
    0.0071298658              1.15966           0.00020           1.15428
    0.0072216271              1.18624           0.00020           1.18074
    0.0073145426              1.21338           0.00021           1.20776
    0.0074086268              1.24110           0.00022           1.23535
    0.0075038944              1.26939           0.00022           1.26351
    0.0076003604              1.29827           0.00023           1.29226
    0.0076980397              1.32775           0.00024           1.32161
    0.0077969477              1.35784           0.00025           1.35156
    0.0078970999              1.38855           0.00026           1.38213
    0.0079985117              1.41989           0.00026           1.41333
    0.0081011992              1.45187           0.00027           1.44517
    0.0082051784              1.48451           0.00028           1.47767
    0.0083104654              1.51782           0.00029           1.51082
    0.0084170768              1.55179           0.00030           1.54464
    0.0085250291              1.58646           0.00031           1.57915
    0.0086343394              1.62182           0.00032           1.61436
    0.0087450246              1.65790           0.00033           1.65027
    0.0088571021              1.69469           0.00034           1.68690
    0.0089705893              1.73222           0.00036           1.72426
    0.0090855040              1.77050           0.00037           1.76237
    0.0092018642              1.80953           0.00038           1.80122
    0.0093196880              1.84933           0.00039           1.84084
    0.0094389938              1.88991           0.00041           1.88125
    0.0095598003              1.93128           0.00042           1.92243
    0.0096821264              1.97346           0.00044           1.96443
    0.0098059911              2.01645           0.00045           2.00723
    0.0099314139              2.06028           0.00047           2.05086
    0.0100584143              2.10495           0.00049           2.09534
    0.0101870122              2.15047           0.00050           2.14066
    0.0103172276              2.19686           0.00052           2.18684
    0.0104490809              2.24413           0.00054           2.23390
    0.0105825928              2.29229           0.00056           2.28185
    0.0107177840              2.34135           0.00058           2.33070
    0.0108546757              2.39133           0.00060           2.38047
    0.0109932893              2.44224           0.00062           2.43116
    0.0111336465              2.49410           0.00065           2.48279
    0.0112757691              2.54690           0.00067           2.53536
    0.0114196794              2.60068           0.00069           2.58891
    0.0115653999              2.65543           0.00072           2.64342
    0.0117129533              2.71117           0.00075           2.69893
    0.0118623627              2.76792           0.00077           2.75544
    0.0120136515              2.82569           0.00080           2.81296
    0.0121668432              2.88449           0.00083           2.87150
    0.0123219618              2.94432           0.00086           2.93109
    0.0124790316              3.00521           0.00090           2.99172
    0.0126380771              3.06717           0.00093           3.05341
    0.0127991231              3.13020           0.00097           3.11618
    0.0129621949              3.19432           0.00100           3.18003
    0.0131273178              3.25954           0.00104           3.24498
    0.0132945177              3.32588           0.00108           3.31104
    0.0134638208              3.39333           0.00112           3.37822
    0.0136352534              3.46192           0.00117           3.44653
    0.0138088423              3.53166           0.00121           3.51598
    0.0139846148              3.60255           0.00126           3.58658
    0.0141625982              3.67461           0.00131           3.65835
    0.0143428203              3.74785           0.00136           3.73129
    0.0145253094              3.82228           0.00141           3.80542
    0.0147100939              3.89790           0.00147           3.88074
    0.0148972027              3.97472           0.00152           3.95726
    0.0150866650              4.05277           0.00158           4.03499
    0.0152785105              4.13204           0.00165           4.11395
    0.0154727691              4.21253           0.00171           4.19413
    0.0156694711              4.29428           0.00178           4.27555
    0.0158686474              4.37726           0.00185           4.35822
    0.0160703290              4.46151           0.00193           4.44214
    0.0162745475              4.54702           0.00200           4.52732
    0.0164813346              4.63379           0.00208           4.61377
    0.0166907229              4.72185           0.00217           4.70149
    0.0169027449              4.81118           0.00226           4.79049
    0.0171174339              4.90180           0.00235           4.88077
    0.0173348233              4.99370           0.00244           4.97234
    0.0175549471              5.08690           0.00254           5.06520
    0.0177778398              5.18140           0.00264           5.15936
    0.0180035361              5.27720           0.00275           5.25481
    0.0182320713              5.37430           0.00286           5.35157
    0.0184634811              5.47270           0.00298           5.44962
    0.0186978017              5.57240           0.00310           5.54898
    0.0189350696              5.67341           0.00323           5.64964
    0.0191753221              5.77572           0.00336           5.75161
    0.0194185965              5.87932           0.00350           5.85487
    0.0196649310              5.98423           0.00365           5.95943
    0.0199143640              6.09043           0.00380           6.06529
    0.0201669344              6.19793           0.00396           6.17243
    0.0204226818              6.30670           0.00412           6.28087
    0.0206816461              6.41676           0.00429           6.39058
    0.0209438678              6.52809           0.00447           6.50157
    0.0212093878              6.64068           0.00466           6.61382
    0.0214782477              6.75453           0.00485           6.72734
    0.0217504894              6.86962           0.00505           6.84210
    0.0220261554              6.98595           0.00527           6.95810
    0.0223052890              7.10350           0.00549           7.07532
    0.0225879335              7.22225           0.00572           7.19376
    0.0228741334              7.34221           0.00596           7.31339
    0.0231639331              7.46334           0.00621           7.43421
    0.0234573781              7.58563           0.00647           7.55620
    0.0237545142              7.70906           0.00674           7.67934
    0.0240553878              7.83362           0.00702           7.80361
    0.0243600459              7.95928           0.00732           7.92899
    0.0246685362              8.08602           0.00763           8.05545
    0.0249809068              8.21382           0.00795           8.18299
    0.0252972065              8.34265           0.00829           8.31156
    0.0256174848              8.47249           0.00864           8.44116
    0.0259417916              8.60330           0.00900           8.57174
    0.0262701778              8.73506           0.00938           8.70328
    0.0266026945              8.86774           0.00978           8.83575
    0.0269393938              9.00131           0.01019           8.96912
    0.0272803283              9.13572           0.01062           9.10336
    0.0276255512              9.27095           0.01107           9.23842
    0.0279751164              9.40696           0.01154           9.37428
    0.0283290787              9.54370           0.01203           9.51090
    0.0286874932              9.68115           0.01254           9.64824
    0.0290504160              9.81925           0.01307           9.78625
    0.0294179039              9.95796           0.01363           9.92489
    0.0297900141             10.09724           0.01421          10.06412
    0.0301668050             10.23704           0.01481          10.20389
    0.0305483353             10.37731           0.01544          10.34416
    0.0309346646             10.51799           0.01609          10.48487
    0.0313258534             10.65904           0.01677          10.62598
    0.0317219627             10.80040           0.01748          10.76742
    0.0321230545             10.94202           0.01822          10.90915
    0.0325291913             11.08383           0.01900          11.05111
    0.0329404368             11.22578           0.01980          11.19323
    0.0333568551             11.36780           0.02064          11.33547
    0.0337785112             11.50983           0.02151          11.47775
    0.0342054712             11.65181           0.02242          11.62001
    0.0346378016             11.79367           0.02336          11.76219
    0.0350755701             11.93533           0.02435          11.90423
    0.0355188451             12.07673           0.02538          12.04604
    0.0359676958             12.21779           0.02645          12.18756
    0.0364221923             12.35845           0.02756          12.32872
    0.0368824056             12.49862           0.02872          12.46945
    0.0373484078             12.63822           0.02993          12.60966
    0.0378202715             12.77719           0.03118          12.74929
    0.0382980705             12.91542           0.03249          12.88824
    0.0387818796             13.05285           0.03386          13.02645
    0.0392717741             13.18939           0.03527          13.16383
    0.0397678308             13.32495           0.03675          13.30029
    0.0402701272             13.45945           0.03828          13.43576
    0.0407787416             13.59279           0.03988          13.57014
    0.0412937536             13.72488           0.04154          13.70335
    0.0418152437             13.85564           0.04327          13.83529
    0.0423432933             13.98498           0.04507          13.96589
    0.0428779850             14.11279           0.04694          14.09504
    0.0434194022             14.23898           0.04889          14.22266
    0.0439676296             14.36345           0.05091          14.34866
    0.0445227529             14.48612           0.05302          14.47293
    0.0450848588             14.60688           0.05521          14.59539
    0.0456540351             14.72563           0.05748          14.71593
    0.0462303708             14.84227           0.05984          14.83447
    0.0468139558             14.95671           0.06230          14.95091
    0.0474048815             15.06884           0.06485          15.06515
    0.0480032401             15.17856           0.06751          15.17709
    0.0486091251             15.28578           0.07026          15.28664
    0.0492226312             15.39038           0.07313          15.39370
    0.0498438543             15.49227           0.07610          15.49817
    0.0504728914             15.59135           0.07919          15.59995
    0.0511098408             15.68752           0.08240          15.69896
    0.0517548021             15.78067           0.08573          15.79509
    0.0524078759             15.87072           0.08919          15.88824
    0.0530691644             15.95755           0.09278          15.97833
    0.0537387709             16.04107           0.09651          16.06526
    0.0544168001             16.12118           0.10037          16.14894
    0.0551033577             16.19780           0.10439          16.22928
    0.0557985512             16.27081           0.10855          16.30618
    0.0565024892             16.34014           0.11287          16.37956
    0.0572152816             16.40569           0.11735          16.44934
    0.0579370399             16.46737           0.12199          16.51543
    0.0586678767             16.52509           0.12680          16.57775
    0.0594079063             16.57877           0.13180          16.63621
    0.0601572444             16.62832           0.13697          16.69075
    0.0609160080             16.67367           0.14233          16.74128
    0.0616843156             16.71474           0.14789          16.78774
    0.0624622874             16.75146           0.15365          16.83006
    0.0632500448             16.78375           0.15961          16.86818
    0.0640477110             16.81155           0.16578          16.90202
    0.0648554107             16.83479           0.17218          16.93154
    0.0656732699             16.85342           0.17880          16.95669
    0.0665014165             16.86738           0.18565          16.97740
    0.0673399800             16.87661           0.19274          16.99364
    0.0681890912             16.88108           0.20008          17.00537
    0.0690488830             16.88073           0.20768          17.01256
    0.0699194896             16.87554           0.21553          17.01516
    0.0708010471             16.86547           0.22365          17.01315
    0.0716936932             16.85049           0.23205          17.00652
    0.0725975675             16.83058           0.24073          16.99525
    0.0735128111             16.80572           0.24971          16.97933
    0.0744395670             16.77591           0.25898          16.95876
    0.0753779801             16.74115           0.26856          16.93353
    0.0763281969             16.70142           0.27846          16.90367
    0.0772903660             16.65675           0.28868          16.86917
    0.0782646378             16.60714           0.29923          16.83008
    0.0792511643             16.55261           0.31012          16.78640
    0.0802500998             16.49321           0.32137          16.73818
    0.0812616004             16.42895           0.33297          16.68547
    0.0822858241             16.35989           0.34494          16.62830
    0.0833229309             16.28607           0.35728          16.56673
    0.0843730830             16.20755           0.37001          16.50084
    0.0854364443             16.12439           0.38313          16.43068
    0.0865131811             16.03666           0.39665          16.35634
    0.0876034615             15.94444           0.41059          16.27790
    0.0887074560             15.84782           0.42494          16.19546
    0.0898253370             15.74690           0.43973          16.10911
    0.0909572793             15.64176           0.45495          16.01896
    0.0921034596             15.53253           0.47062          15.92512
    0.0932640571             15.41931           0.48674          15.82773
    0.0944392531             15.30224           0.50334          15.72691
    0.0956292313             15.18144           0.52040          15.62279
    0.0968341775             15.05705           0.53795          15.51553
    0.0980542801             14.92922           0.55599          15.40526
    0.0992897297             14.79810           0.57453          15.29216
    0.1005407193             14.66385           0.59358          15.17639
    0.1018074445             14.52664           0.61315          15.05811
    0.1030901031             14.38664           0.63324          14.93751
    0.1043888956             14.24403           0.65387          14.81478
    0.1057040248             14.09901           0.67504          14.69010
    0.1070356964             13.95177           0.69676          14.56368
    0.1083841183             13.80249           0.71903          14.43571
    0.1097495012             13.65140           0.74187          14.30641
    0.1111320586             13.49870           0.76528          14.17599
    0.1125320064             13.34460           0.78926          14.04466
    0.1139495634             13.18934           0.81383          13.91266
    0.1153849510             13.03312           0.83899          13.78021
    0.1168383937             12.87619           0.86475          13.64753
    0.1183101183             12.71877           0.89110          13.51487
    0.1198003550             12.56110           0.91806          13.38246
    0.1213093365             12.40343           0.94563          13.25054
    0.1228372987             12.24599           0.97382          13.11936
    0.1243844804             12.08903           1.00262          12.98915
    0.1259511231             11.93279           1.03203          12.86016
    0.1275374718             11.77752           1.06207          12.73264
    0.1291437743             11.62347           1.09273          12.60684
    0.1307702816             11.47088           1.12402          12.48299
    0.1324172478             11.32001           1.15592          12.36134
    0.1340849304             11.17109           1.18845          12.24213
    0.1357735897             11.02438           1.22161          12.12561
    0.1374834899             10.88012           1.25538          12.01202
    0.1392148979             10.73854           1.28977          11.90157
    0.1409680843             10.59989           1.32477          11.79452
    0.1427433231             10.46439           1.36038          11.69108
    0.1445408917             10.33228           1.39660          11.59148
    0.1463610709             10.20379           1.43341          11.49593
    0.1482041451             10.07912           1.47081          11.40464
    0.1500704023              9.95849           1.50880          11.31781
    0.1519601342              9.84212           1.54736          11.23565
    0.1538736360              9.73019           1.58648          11.15833
    0.1558112066              9.62290           1.62615          11.08605
    0.1577731490              9.52043           1.66637          11.01896
    0.1597597695              9.42296           1.70711          10.95723
    0.1617713786              9.33065           1.74836          10.90101
    0.1638082906              9.24366           1.79012          10.85044
    0.1658708238              9.16213           1.83235          10.80565
    0.1679593005              9.08620           1.87504          10.76676
    0.1700740471              9.01598           1.91818          10.73387
    0.1722153938              8.95159           1.96174          10.70708
    0.1743836754              8.89312           2.00570          10.68646
    0.1765792306              8.84067           2.05004          10.67208
    0.1788024025              8.79430           2.09474          10.66399
    0.1810535384              8.75407           2.13977          10.66223
    0.1833329902              8.72003           2.18510          10.66682
    0.1856411139              8.69221           2.23070          10.67778
    0.1879782702              8.67063           2.27656          10.69509
    0.1903448244              8.65528           2.32262          10.71873
    0.1927411461              8.64616           2.36887          10.74867
    0.1951676099              8.64324           2.41527          10.78485
    0.1976245948              8.64647           2.46179          10.82720
    0.2001124848              8.65579           2.50838          10.87563
    0.2026316686              8.67114           2.55502          10.93004
    0.2051825398              8.69243           2.60166          10.99032
    0.2077654970              8.71954           2.64826          11.05633
    0.2103809438              8.75236           2.69478          11.12792
    0.2130292889              8.79076           2.74118          11.20493
    0.2157109461              8.83459           2.78741          11.28717
    0.2184263344              8.88368           2.83343          11.37445
    0.2211758780              8.93786           2.87919          11.46656
    0.2239600067              8.99693           2.92464          11.56327
    0.2267791554              9.06069           2.96974          11.66433
    0.2296337646              9.12892           3.01444          11.76951
    0.2325242804              9.20139           3.05868          11.87852
    0.2354511543              9.27785           3.10241          11.99110
    0.2384148439              9.35805           3.14558          12.10694
    0.2414158120              9.44172           3.18814          12.22575
    0.2444545277              9.52859           3.23004          12.34721
    0.2475314657              9.61836           3.27121          12.47100
    0.2506471069              9.71075           3.31161          12.59677
    0.2538019379              9.80543           3.35118          12.72420
    0.2569964519              9.90211           3.38987          12.85293
    0.2602311479             10.00045           3.42761          12.98260
    0.2635065314             10.10014           3.46436          13.11285
    0.2668231141             10.20083           3.50006          13.24331
    0.2701814143             10.30220           3.53465          13.37361
    0.2735819567             10.40389           3.56808          13.50336
    0.2770252727             10.50557           3.60030          13.63219
    0.2805119003             10.60689           3.63126          13.75972
    0.2840423842             10.70750           3.66089          13.88556
    0.2876172762             10.80705           3.68915          14.00934
    0.2912371347             10.90520           3.71599          14.13067
    0.2949025255             11.00159           3.74135          14.24917
    0.2986140212             11.09588           3.76520          14.36446
    0.3023722018             11.18774           3.78747          14.47619
    0.3061776545             11.27682           3.80813          14.58397
    0.3100309739             11.36280           3.82713          14.68745
    0.3139327620             11.44535           3.84444          14.78629
    0.3178836287             11.52415           3.86000          14.88012
    0.3218841911             11.59889           3.87378          14.96862
    0.3259350744             11.66927           3.88574          15.05146
    0.3300369115             11.73500           3.89585          15.12833
    0.3341903434             11.79579           3.90408          15.19892
    0.3383960190             11.85139           3.91040          15.26294
    0.3426545955             11.90152           3.91478          15.32012
    0.3469667383             11.94595           3.91720          15.37020
    0.3513331212             11.98444           3.91764          15.41291
    0.3557544265             12.01678           3.91607          15.44804
    0.3602313449             12.04275           3.91249          15.47537
    0.3647645760             12.06219           3.90688          15.49469
    0.3693548281             12.07491           3.89923          15.50583
    0.3740028185             12.08076           3.88953          15.50862
    0.3787092734             12.07961           3.87779          15.50292
    0.3834749283             12.07132           3.86400          15.48859
    0.3883005276             12.05581           3.84817          15.46555
    0.3931868256             12.03299           3.83031          15.43368
    0.3981345856             12.00278           3.81042          15.39294
    0.4031445808             11.96516           3.78852          15.34327
    0.4082175940             11.92007           3.76463          15.28464
    0.4133544178             11.86752           3.73877          15.21705
    0.4185558549             11.80752           3.71097          15.14051
    0.4238227180             11.74009           3.68125          15.05505
    0.4291558301             11.66528           3.64965          14.96073
    0.4345560245             11.58315           3.61620          14.85762
    0.4400241450             11.49380           3.58094          14.74582
    0.4455610460             11.39731           3.54391          14.62543
    0.4511675926             11.29382           3.50515          14.49659
    0.4568446609             11.18346           3.46472          14.35946
    0.4625931379             11.06638           3.42267          14.21419
    0.4684139219             10.94276           3.37905          14.06097
    0.4743079223             10.81278           3.33392          13.90002
    0.4802760601             10.67665           3.28734          13.73155
    0.4863192678             10.53459           3.23937          13.55579
    0.4924384898             10.38683           3.19007          13.37301
    0.4986346821             10.23362           3.13952          13.18346
    0.5049088128             10.07521           3.08779          12.98742
    0.5112618625              9.91189           3.03495          12.78520
    0.5176948236              9.74393           2.98107          12.57710
    0.5242087015              9.57163           2.92622          12.36343
    0.5308045138              9.39529           2.87050          12.14452
    0.5374832912              9.21523           2.81396          11.92070
    0.5442460774              9.03176           2.75671          11.69233
    0.5510939289              8.84521           2.69881          11.45975
    0.5580279157              8.65593           2.64035          11.22332
    0.5650491214              8.46423           2.58142          10.98340
    0.5721586430              8.27048           2.52210          10.74037
    0.5793575914              8.07501           2.46246          10.49460
    0.5866470913              7.87816           2.40261          10.24645
    0.5940282819              7.68030           2.34261           9.99630
    0.6015023165              7.48175           2.28256           9.74452
    0.6090703628              7.28288           2.22254           9.49149
    0.6167336034              7.08402           2.16262           9.23758
    0.6244932358              6.88551           2.10290           8.98316
    0.6323504723              6.68768           2.04346           8.72858
    0.6403065406              6.49088           1.98436           8.47421
    0.6483626840              6.29542           1.92570           8.22040
    0.6565201612              6.10161           1.86754           7.96749
    0.6647802468              5.90977           1.80996           7.71581
    0.6731442316              5.72020           1.75304           7.46571
    0.6816134222              5.53318           1.69685           7.21749
    0.6901891422              5.34899           1.64144           6.97146
    0.6988727315              5.16791           1.58689           6.72792
    0.7076655469              4.99017           1.53326           6.48715
    0.7165689623              4.81603           1.48061           6.24943
    0.7255843688              4.64572           1.42899           6.01501
    0.7347131752              4.47944           1.37847           5.78414
    0.7439568079              4.31740           1.32908           5.55704
    0.7533167111              4.15978           1.28087           5.33394
    0.7627943475              4.00675           1.23390           5.11504
    0.7723911978              3.85847           1.18820           4.90052
    0.7821087616              3.71507           1.14380           4.69055
    0.7919485574              3.57667           1.10074           4.48530
    0.8019121225              3.44338           1.05905           4.28489
    0.8120010139              3.31530           1.01876           4.08946
    0.8222168079              3.19248           0.97988           3.89911
    0.8325611008              3.07500           0.94243           3.71395
    0.8430355088              2.96288           0.90644           3.53404
    0.8536416687              2.85617           0.87190           3.35945
    0.8643812377              2.75486           0.83883           3.19024
    0.8752558938              2.65895           0.80723           3.02644
    0.8862673362              2.56843           0.77711           2.86807
    0.8974172855              2.48326           0.74845           2.71515
    0.9087074840              2.40339           0.72126           2.56766
    0.9201396956              2.32876           0.69553           2.42559
    0.9317157068              2.25930           0.67123           2.28893
    0.9434373262              2.19492           0.64837           2.15762
    0.9553063855              2.13553           0.62692           2.03162
    0.9673247392              2.08102           0.60685           1.91087
    0.9794942651              2.03127           0.58816           1.79531
    0.9918168648              1.98617           0.57080           1.68485
    1.0042944638              1.94556           0.55476           1.57941
    1.0169290116              1.90932           0.54001           1.47890
    1.0297224825              1.87729           0.52651           1.38322
    1.0426768755              1.84932           0.51423           1.29226
    1.0557942146              1.82523           0.50314           1.20589
    1.0690765496              1.80487           0.49319           1.12401
    1.0825259557              1.78804           0.48435           1.04647
    1.0961445346              1.77458           0.47657           0.97316
    1.1099344141              1.76430           0.46981           0.90393
    1.1238977489              1.75699           0.46403           0.83863
    1.1380367209              1.75246           0.45918           0.77713
    1.1523535392              1.75052           0.45522           0.71928
    1.1668504410              1.75095           0.45208           0.66493
    1.1815296913              1.75355           0.44973           0.61394
    1.1963935838              1.75811           0.44811           0.56615
    1.2114444412              1.76443           0.44717           0.52144
    1.2266846149              1.77230           0.44686           0.47964
    1.2421164865              1.78152           0.44713           0.44063
    1.2577424671              1.79189           0.44793           0.40426
    1.2735649984              1.80321           0.44920           0.37041
    1.2895865526              1.81529           0.45091           0.33894
    1.3058096332              1.82794           0.45299           0.30972
    1.3222367749              1.84100           0.45540           0.28264
    1.3388705447              1.85427           0.45810           0.25756
    1.3557135416              1.86760           0.46104           0.23439
    1.3727683973              1.88083           0.46416           0.21299
    1.3900377766              1.89379           0.46744           0.19327
    1.4075243780              1.90634           0.47083           0.17513
    1.4252309338              1.91835           0.47428           0.15845
    1.4431602106              1.92968           0.47775           0.14315
    1.4613150100              1.94020           0.48122           0.12913
    1.4796981686              1.94980           0.48463           0.11631
    1.4983125589              1.95838           0.48796           0.10460
    1.5171610894              1.96583           0.49117           0.09393
    1.5362467053              1.97206           0.49423           0.08421
    1.5555723886              1.97699           0.49711           0.07538
    1.5751411591              1.98054           0.49978           0.06736
    1.5949560744              1.98266           0.50222           0.06010
    1.6150202307              1.98328           0.50440           0.05354
    1.6353367630              1.98235           0.50629           0.04761
    1.6559088458              1.97984           0.50788           0.04227
    1.6767396936              1.97571           0.50915           0.03746
    1.6978325611              1.96994           0.51008           0.03315
    1.7191907443              1.96251           0.51065           0.02928
    1.7408175804              1.95342           0.51086           0.02581
    1.7627164486              1.94266           0.51068           0.02272
    1.7848907706              1.93025           0.51012           0.01996
    1.8073440112              1.91619           0.50916           0.01750
    1.8300796789              1.90050           0.50779           0.01532
    1.8531013260              1.88323           0.50602           0.01339
    1.8764125499              1.86439           0.50385           0.01167
    1.9000169928              1.84402           0.50126           0.01016
    1.9239183430              1.82218           0.49826           0.00883
    1.9481203353              1.79891           0.49486           0.00766
    1.9726267511              1.77426           0.49106           0.00662
    1.9974414197              1.74830           0.48686           0.00572
    2.0225682184              1.72108           0.48227           0.00493
    2.0480110733              1.69267           0.47730           0.00424
    2.0737739599              1.66314           0.47197           0.00364
    2.0998609038              1.63256           0.46627           0.00312
    2.1262759810              1.60101           0.46022           0.00267
    2.1530233190              1.56855           0.45384           0.00228
    2.1801070970              1.53528           0.44714           0.00194
    2.2075315471              1.50126           0.44013           0.00164
    2.2353009543              1.46657           0.43283           0.00139
    2.2634196576              1.43130           0.42526           0.00118
    2.2918920507              1.39552           0.41743           0.00099
    2.3207225824              1.35932           0.40936           0.00084
    2.3499157575              1.32277           0.40107           0.00070
    2.3794761376              1.28594           0.39257           0.00059
    2.4094083414              1.24893           0.38390           0.00049
    2.4397170461              1.21179           0.37505           0.00041
    2.4704069873              1.17461           0.36606           0.00034
    2.5014829605              1.13746           0.35695           0.00028
    2.5329498213              1.10040           0.34772           0.00023
    2.5648124865              1.06350           0.33841           0.00019
    2.5970759346              1.02684           0.32902           0.00016
    2.6297452070              0.99046           0.31959           0.00013
    2.6628254082              0.95443           0.31012           0.00011
    2.6963217072              0.91881           0.30064           0.00009
    2.7302393377              0.88364           0.29116           0.00007
    2.7645835995              0.84898           0.28170           0.00006
    2.7993598589              0.81488           0.27228           0.00005
    2.8345735499              0.78137           0.26291           0.00004
    2.8702301745              0.74850           0.25361           0.00003
    2.9063353042              0.71631           0.24439           0.00002
    2.9428945806              0.68482           0.23528           0.00002
    2.9799137161              0.65406           0.22627           0.00002
    3.0173984949              0.62407           0.21739           0.00001
    3.0553547743              0.59486           0.20865           0.00001
    3.0937884848              0.56646           0.20006           0.00001
    3.1327056320              0.53888           0.19162           0.00001
    3.1721122965              0.51213           0.18335           0.00000
    3.2120146359              0.48622           0.17526           0.00000
    3.2524188850              0.46117           0.16735           0.00000
    3.2933313569              0.43697           0.15963           0.00000
    3.3347584444              0.41363           0.15211           0.00000
    3.3767066204              0.39114           0.14480           0.00000
    3.4191824396              0.36951           0.13769           0.00000
    3.4621925388              0.34872           0.13079           0.00000
    3.5057436385              0.32877           0.12410           0.00000
    3.5498425436              0.30964           0.11763           0.00000
    3.5944961446              0.29134           0.11138           0.00000
    3.6397114187              0.27383           0.10535           0.00000
    3.6854954310              0.25712           0.09954           0.00000
    3.7318553353              0.24118           0.09394           0.00000
    3.7787983754              0.22599           0.08856           0.00000
    3.8263318862              0.21154           0.08340           0.00000
    3.8744632950              0.19780           0.07844           0.00000
    3.9232001224              0.18476           0.07370           0.00000
    3.9725499836              0.17240           0.06917           0.00000
    4.0225205897              0.16069           0.06484           0.00000
    4.0731197486              0.14962           0.06071           0.00000
    4.1243553665              0.13915           0.05677           0.00000
    4.1762354493              0.12928           0.05303           0.00000
    4.2287681031              0.11997           0.04947           0.00000
    4.2819615363              0.11120           0.04610           0.00000
    4.3358240606              0.10296           0.04290           0.00000
    4.3903640920              0.09521           0.03988           0.00000
    4.4455901526              0.08795           0.03702           0.00000
    4.5015108715              0.08114           0.03432           0.00000
    4.5581349864              0.07477           0.03177           0.00000
    4.6154713451              0.06881           0.02938           0.00000
    4.6735289063              0.06325           0.02713           0.00000
    4.7323167418              0.05807           0.02501           0.00000
    4.7918440372              0.05324           0.02303           0.00000
    4.8521200938              0.04875           0.02118           0.00000
    4.9131543298              0.04458           0.01945           0.00000
    4.9749562821              0.04071           0.01783           0.00000
    5.0375356072              0.03713           0.01632           0.00000
    5.1009020833              0.03381           0.01492           0.00000
    5.1650656115              0.03075           0.01362           0.00000
    5.2300362176              0.02792           0.01241           0.00000
    5.2958240533              0.02532           0.01130           0.00000
    5.3624393982              0.02293           0.01026           0.00000
    5.4298926609              0.02073           0.00931           0.00000
    5.4981943811              0.01872           0.00843           0.00000
    5.5673552313              0.01687           0.00762           0.00000
    5.6373860179              0.01518           0.00688           0.00000
    5.7082976833              0.01364           0.00620           0.00000
    5.7801013077              0.01224           0.00558           0.00000
    5.8528081105              0.01096           0.00501           0.00000
    5.9264294523              0.00980           0.00449           0.00000
    6.0009768366              0.00875           0.00402           0.00000
    6.0764619115              0.00780           0.00359           0.00000
    6.1528964718              0.00694           0.00320           0.00000
    6.2302924605              0.00617           0.00285           0.00000
    6.3086619708              0.00547           0.00253           0.00000
    6.3880172483              0.00484           0.00225           0.00000
    6.4683706923              0.00428           0.00199           0.00000
    6.5497348582              0.00377           0.00176           0.00000
    6.6321224593              0.00332           0.00155           0.00000
    6.7155463689              0.00292           0.00136           0.00000
    6.8000196220              0.00256           0.00120           0.00000
    6.8855554179              0.00224           0.00105           0.00000
    6.9721671217              0.00196           0.00092           0.00000
    7.0598682665              0.00171           0.00080           0.00000
    7.1486725560              0.00149           0.00070           0.00000
    7.2385938659              0.00129           0.00061           0.00000
    7.3296462467              0.00112           0.00053           0.00000
    7.4218439254              0.00097           0.00046           0.00000
    7.5152013081              0.00084           0.00039           0.00000
    7.6097329822              0.00072           0.00034           0.00000
    7.7054537183              0.00062           0.00029           0.00000
    7.8023784731              0.00053           0.00025           0.00000
    7.9005223912              0.00046           0.00022           0.00000
    7.9999008079              0.00039           0.00018           0.00000
    8.1005292511              0.00033           0.00016           0.00000
    8.2024234443              0.00028           0.00013           0.00000
    8.3055993087              0.00024           0.00011           0.00000
    8.4100729657              0.00020           0.00010           0.00000
    8.5158607396              0.00017           0.00008           0.00000
    8.6229791598              0.00014           0.00007           0.00000
    8.7314449639              0.00012           0.00006           0.00000
    8.8412750999              0.00010           0.00005           0.00000
    8.9524867289              0.00009           0.00004           0.00000
    9.0650972279              0.00007           0.00003           0.00000
    9.1791241927              0.00006           0.00003           0.00000
    9.2945854401              0.00005           0.00002           0.00000
    9.4114990113              0.00004           0.00002           0.00000
    9.5298831741              0.00003           0.00002           0.00000
    9.6497564264              0.00003           0.00001           0.00000
    9.7711374986              0.00002           0.00001           0.00000
    9.8940453567              0.00002           0.00001           0.00000
   10.0184992053              0.00002           0.00001           0.00000
   10.1445184907              0.00001           0.00001           0.00000
   10.2721229035              0.00001           0.00000           0.00000
   10.4013323823              0.00001           0.00000           0.00000
   10.5321671162              0.00001           0.00000           0.00000
   10.6646475485              0.00001           0.00000           0.00000
   10.7987943795              0.00000           0.00000           0.00000
   10.9346285698              0.00000           0.00000           0.00000
   11.0721713440              0.00000           0.00000           0.00000
   11.2114441933              0.00000           0.00000           0.00000
   11.3524688794              0.00000           0.00000           0.00000
   11.4952674376              0.00000           0.00000           0.00000
   11.6398621806              0.00000           0.00000           0.00000
   11.7862757016              0.00000           0.00000           0.00000
   11.9345308780              0.00000           0.00000           0.00000
   12.0846508749              0.00000           0.00000           0.00000
   12.2366591489              0.00000           0.00000           0.00000
   12.3905794516              0.00000           0.00000           0.00000
   12.5464358334              0.00000           0.00000           0.00000
   12.7042526471              0.00000           0.00000           0.00000
   12.8640545520              0.00000           0.00000           0.00000
   13.0258665174              0.00000           0.00000           0.00000
   13.1897138267              0.00000           0.00000           0.00000
   13.3556220815              0.00000           0.00000           0.00000
   13.5236172052              0.00000           0.00000           0.00000
   13.6937254475              0.00000           0.00000           0.00000
   13.8659733881              0.00000           0.00000           0.00000
   14.0403879410              0.00000           0.00000           0.00000
   14.2169963589              0.00000           0.00000           0.00000
   14.3958262372              0.00000           0.00000           0.00000
   14.5769055185              0.00000           0.00000           0.00000
   14.7602624968              0.00000           0.00000           0.00000
   14.9459258219              0.00000           0.00000           0.00000
   15.1339245042              0.00000           0.00000           0.00000
   15.3242879188              0.00000           0.00000           0.00000
   15.5170458104              0.00000           0.00000           0.00000
   15.7122282977              0.00000           0.00000           0.00000
   15.9098658786              0.00000           0.00000           0.00000
   16.1099894341              0.00000           0.00000           0.00000
   16.3126302341              0.00000           0.00000           0.00000
   16.5178199416              0.00000           0.00000           0.00000
   16.7255906179              0.00000           0.00000           0.00000
   16.9359747276              0.00000           0.00000           0.00000
   17.1490051436              0.00000           0.00000           0.00000
   17.3647151523              0.00000           0.00000           0.00000
   17.5831384590              0.00000           0.00000           0.00000
   17.8043091926              0.00000           0.00000           0.00000
   18.0282619116              0.00000           0.00000           0.00000
   18.2550316090              0.00000           0.00000           0.00000
   18.4846537181              0.00000           0.00000           0.00000
   18.7171641177              0.00000           0.00000           0.00000
   18.9525991381              0.00000           0.00000           0.00000
   19.1909955665              0.00000           0.00000           0.00000
   19.4323906529              0.00000           0.00000           0.00000
   19.6768221156              0.00000           0.00000           0.00000
   19.9243281477              0.00000           0.00000           0.00000
   20.1749474223              0.00000           0.00000           0.00000
   20.4287190994              0.00000           0.00000           0.00000
   20.6856828312              0.00000           0.00000           0.00000
   20.9458787689              0.00000           0.00000           0.00000
   21.2093475686              0.00000           0.00000           0.00000
   21.4761303978              0.00000           0.00000           0.00000
   21.7462689418              0.00000           0.00000           0.00000
   22.0198054105              0.00000           0.00000           0.00000
   22.2967825444              0.00000           0.00000           0.00000
   22.5772436217              0.00000           0.00000           0.00000
   22.8612324651              0.00000           0.00000           0.00000
   23.1487934484              0.00000           0.00000           0.00000
   23.4399715036              0.00000           0.00000           0.00000
   23.7348121279              0.00000           0.00000           0.00000
   24.0333613907              0.00000           0.00000           0.00000
   24.3356659409              0.00000           0.00000           0.00000
   24.6417730142              0.00000           0.00000           0.00000
   24.9517304405              0.00000           0.00000           0.00000
   25.2655866513              0.00000           0.00000           0.00000
   25.5833906873              0.00000           0.00000           0.00000
   25.9051922059              0.00000           0.00000           0.00000
   26.2310414893              0.00000           0.00000           0.00000
   26.5609894521              0.00000           0.00000           0.00000
   26.8950876494              0.00000           0.00000           0.00000
   27.2333882846              0.00000           0.00000           0.00000
   27.5759442181              0.00000           0.00000           0.00000
   27.9228089747              0.00000           0.00000           0.00000
   28.2740367528              0.00000           0.00000           0.00000
   28.6296824326              0.00000           0.00000           0.00000
   28.9898015843              0.00000           0.00000           0.00000
   29.3544504773              0.00000           0.00000           0.00000
   29.7236860887              0.00000           0.00000           0.00000
   30.0975661124              0.00000           0.00000           0.00000
   30.4761489678              0.00000           0.00000           0.00000
   30.8594938093              0.00000           0.00000           0.00000
   31.2476605353              0.00000           0.00000           0.00000
   31.6407097977              0.00000           0.00000           0.00000
   32.0387030112              0.00000           0.00000           0.00000
   32.4417023631              0.00000           0.00000           0.00000
   32.8497708227              0.00000           0.00000           0.00000
   33.2629721517              0.00000           0.00000           0.00000
   33.6813709136              0.00000           0.00000           0.00000
   34.1050324841              0.00000           0.00000           0.00000
   34.5340230611              0.00000           0.00000           0.00000
   34.9684096752              0.00000           0.00000           0.00000
   35.4082602004              0.00000           0.00000           0.00000
   35.8536433640              0.00000           0.00000           0.00000
   36.3046287583              0.00000           0.00000           0.00000
   36.7612868504              0.00000           0.00000           0.00000
   37.2236889942              0.00000           0.00000           0.00000
   37.6919074410              0.00000           0.00000           0.00000
   38.1660153508              0.00000           0.00000           0.00000
   38.6460868039              0.00000           0.00000           0.00000
   39.1321968126              0.00000           0.00000           0.00000
   39.6244213325              0.00000           0.00000           0.00000
   40.1228372747              0.00000           0.00000           0.00000
   40.6275225176              0.00000           0.00000           0.00000
   41.1385559194              0.00000           0.00000           0.00000
   41.6560173301              0.00000           0.00000           0.00000
   42.1799876040              0.00000           0.00000           0.00000
   42.7105486127              0.00000           0.00000           0.00000
   43.2477832572              0.00000           0.00000           0.00000
   43.7917754818              0.00000           0.00000           0.00000
   44.3426102861              0.00000           0.00000           0.00000
   44.9003737394              0.00000           0.00000           0.00000
   45.4651529932              0.00000           0.00000           0.00000
   46.0370362955              0.00000           0.00000           0.00000
   46.6161130042              0.00000           0.00000           0.00000
   47.2024736013              0.00000           0.00000           0.00000
   47.7962097067              0.00000           0.00000           0.00000
   48.3974140929              0.00000           0.00000           0.00000
   49.0061806993              0.00000           0.00000           0.00000
   49.6226046470              0.00000           0.00000           0.00000
   50.2467822535              0.00000           0.00000           0.00000
   50.8788110477              0.00000           0.00000           0.00000
   51.5187897855              0.00000           0.00000           0.00000
   52.1668184649              0.00000           0.00000           0.00000
   52.8229983416              0.00000           0.00000           0.00000
   53.4874319450              0.00000           0.00000           0.00000
   54.1602230944              0.00000           0.00000           0.00000
   54.8414769146              0.00000           0.00000           0.00000
   55.5312998529              0.00000           0.00000           0.00000
   56.2297996957              0.00000           0.00000           0.00000
   56.9370855849              0.00000           0.00000           0.00000
   57.6532680354              0.00000           0.00000           0.00000
   58.3784589522              0.00000           0.00000           0.00000
   59.1127716477              0.00000           0.00000           0.00000
   59.8563208599              0.00000           0.00000           0.00000
   60.6092227698              0.00000           0.00000           0.00000
   61.3715950199              0.00000           0.00000           0.00000
   62.1435567324              0.00000           0.00000           0.00000
   62.9252285280              0.00000           0.00000           0.00000
   63.7167325443              0.00000           0.00000           0.00000
   64.5181924555              0.00000           0.00000           0.00000
   65.3297334914              0.00000           0.00000           0.00000
   66.1514824569              0.00000           0.00000           0.00000
   66.9835677519              0.00000           0.00000           0.00000
   67.8261193914              0.00000           0.00000           0.00000
   68.6792690260              0.00000           0.00000           0.00000
   69.5431499619              0.00000           0.00000           0.00000
   70.4178971822              0.00000           0.00000           0.00000
   71.3036473681              0.00000           0.00000           0.00000
   72.2005389198              0.00000           0.00000           0.00000
   73.1087119784              0.00000           0.00000           0.00000
   74.0283084478              0.00000           0.00000           0.00000
   74.9594720169              0.00000           0.00000           0.00000
   75.9023481817              0.00000           0.00000           0.00000
   76.8570842687              0.00000           0.00000           0.00000
   77.8238294574              0.00000           0.00000           0.00000
   78.8027348035              0.00000           0.00000           0.00000
   79.7939532631              0.00000           0.00000           0.00000
   80.7976397160              0.00000           0.00000           0.00000
   81.8139509904              0.00000           0.00000           0.00000
   82.8430458869              0.00000           0.00000           0.00000
   83.8850852036              0.00000           0.00000           0.00000
   84.9402317614              0.00000           0.00000           0.00000
   86.0086504291              0.00000           0.00000           0.00000
   87.0905081492              0.00000           0.00000           0.00000
   88.1859739642              0.00000           0.00000           0.00000
   89.2952190428              0.00000           0.00000           0.00000
   90.4184167069              0.00000           0.00000           0.00000
   91.5557424585              0.00000           0.00000           0.00000
   92.7073740068              0.00000           0.00000           0.00000
   93.8734912968              0.00000           0.00000           0.00000
   95.0542765367              0.00000           0.00000           0.00000
   96.2499142264              0.00000           0.00000           0.00000
   97.4605911869              0.00000           0.00000           0.00000
   98.6864965888              0.00000           0.00000           0.00000
   99.9278219825              0.00000           0.00000           0.00000
  101.1847613274              0.00000           0.00000           0.00000
  102.4575110230              0.00000           0.00000           0.00000
  103.7462699390              0.00000           0.00000           0.00000
  105.0512394465              0.00000           0.00000           0.00000
  106.3726234498              0.00000           0.00000           0.00000
  107.7106284177              0.00000           0.00000           0.00000
  109.0654634163              0.00000           0.00000           0.00000
  110.4373401412              0.00000           0.00000           0.00000
  111.8264729510              0.00000           0.00000           0.00000
  113.2330789006              0.00000           0.00000           0.00000
  114.6573777749              0.00000           0.00000           0.00000
  116.0995921236              0.00000           0.00000           0.00000
  117.5599472956              0.00000           0.00000           0.00000
  119.0386714744              0.00000           0.00000           0.00000
