    0.0000020786           2424.47818           0.25365        2413.05911
    0.0000041833           2423.18486           0.25352        2411.77188
    0.0000063145           2422.41394           0.25343        2411.00458
    0.0000084726           2421.85671           0.25337        2410.44998
    0.0000106577           2419.52359           0.25313        2408.12785
    0.0000128704           2417.00804           0.25287        2405.62416
    0.0000151108           2414.59455           0.25263        2403.22205
    0.0000173795           2411.88984           0.25236        2400.53008
    0.0000196767           2409.20245           0.25209        2397.85537
    0.0000220028           2406.57879           0.25182        2395.24407
    0.0000243582           2404.05033           0.25157        2392.72753
    0.0000267431           2401.62507           0.25132        2390.31371
    0.0000291581           2399.30348           0.25109        2388.00307
    0.0000316035           2397.08150           0.25087        2385.79156
    0.0000340796           2394.95308           0.25066        2383.67318
    0.0000365868           2392.91158           0.25046        2381.64131
    0.0000391256           2390.95030           0.25027        2379.68929
    0.0000416964           2389.06285           0.25008        2377.81074
    0.0000442994           2387.24324           0.24991        2375.99972
    0.0000469352           2385.48600           0.24974        2374.25077
    0.0000496042           2383.78612           0.24957        2372.55891
    0.0000523067           2382.13906           0.24941        2370.91962
    0.0000550433           2380.54069           0.24926        2369.32879
    0.0000578142           2378.98729           0.24911        2367.78272
    0.0000606200           2377.47548           0.24897        2366.27805
    0.0000634611           2376.00220           0.24883        2364.81172
    0.0000663380           2374.56466           0.24869        2363.38097
    0.0000692510           2373.16032           0.24856        2361.98327
    0.0000722006           2371.78689           0.24843        2360.61633
    0.0000751874           2370.44225           0.24831        2359.27804
    0.0000782117           2369.12447           0.24818        2357.96648
    0.0000812741           2367.83177           0.24806        2356.67989
    0.0000843750           2366.56253           0.24795        2355.41664
    0.0000875149           2365.31524           0.24783        2354.17525
    0.0000906943           2364.08852           0.24772        2352.95432
    0.0000939137           2362.88109           0.24761        2351.75259
    0.0000971736           2361.69174           0.24751        2350.56888
    0.0001004744           2360.51940           0.24740        2349.40207
    0.0001038168           2359.36301           0.24730        2348.25115
    0.0001072013           2358.22163           0.24720        2347.11517
    0.0001106283           2357.09437           0.24710        2345.99323
    0.0001140984           2355.98037           0.24700        2344.88451
    0.0001176122           2354.87887           0.24690        2343.78822
    0.0001211702           2353.78913           0.24681        2342.70363
    0.0001247729           2352.71045           0.24671        2341.63005
    0.0001284209           2351.64218           0.24662        2340.56683
    0.0001321149           2350.58371           0.24653        2339.51337
    0.0001358553           2349.53447           0.24644        2338.46909
    0.0001396427           2348.49389           0.24635        2337.43344
    0.0001434778           2347.46146           0.24626        2336.40590
    0.0001473611           2346.43670           0.24618        2335.38599
    0.0001512933           2345.41913           0.24609        2334.37324
    0.0001552749           2344.40831           0.24601        2333.36720
    0.0001593066           2343.40382           0.24593        2332.36747
    0.0001633890           2342.40525           0.24584        2331.37363
    0.0001675228           2341.41223           0.24576        2330.38531
    0.0001717086           2340.42437           0.24568        2329.40213
    0.0001759470           2339.44134           0.24560        2328.42376
    0.0001802387           2338.46280           0.24553        2327.44985
    0.0001845844           2337.48842           0.24545        2326.48009
    0.0001889848           2336.51790           0.24537        2325.51417
    0.0001934405           2335.55094           0.24529        2324.55179
    0.0001979523           2334.58725           0.24522        2323.59267
    0.0002025208           2333.62656           0.24514        2322.63653
    0.0002071468           2332.66860           0.24507        2321.68312
    0.0002118310           2331.71312           0.24500        2320.73217
    0.0002165741           2330.75988           0.24492        2319.78344
    0.0002213768           2329.80862           0.24485        2318.83670
    0.0002262400           2328.85913           0.24478        2317.89171
    0.0002311643           2327.91118           0.24471        2316.94825
    0.0002361506           2326.96454           0.24464        2316.00611
    0.0002411996           2326.01902           0.24457        2315.06507
    0.0002463121           2325.07440           0.24450        2314.12494
    0.0002514890           2324.13049           0.24443        2313.18551
    0.0002567309           2323.18710           0.24436        2312.24660
    0.0002620388           2322.24403           0.24430        2311.30800
    0.0002674134           2321.30110           0.24423        2310.36955
    0.0002728556           2320.35814           0.24416        2309.43106
    0.0002783663           2319.41496           0.24410        2308.49236
    0.0002839463           2318.47139           0.24403        2307.55328
    0.0002895965           2317.52727           0.24396        2306.61365
    0.0002953178           2316.58244           0.24390        2305.67331
    0.0003011110           2315.63673           0.24384        2304.73209
    0.0003069771           2314.68998           0.24377        2303.78984
    0.0003129170           2313.74205           0.24371        2302.84641
    0.0003189316           2312.79277           0.24365        2301.90164
    0.0003250219           2311.84199           0.24358        2300.95539
    0.0003311887           2310.88958           0.24352        2300.00751
    0.0003374332           2309.93538           0.24346        2299.05785
    0.0003437561           2308.97926           0.24340        2298.10627
    0.0003501586           2308.02106           0.24334        2297.15263
    0.0003566417           2307.06066           0.24328        2296.19680
    0.0003632063           2306.09791           0.24322        2295.23863
    0.0003698534           2305.13267           0.24316        2294.27799
    0.0003765842           2304.16482           0.24310        2293.31474
    0.0003833997           2303.19423           0.24304        2292.34877
    0.0003903008           2302.22075           0.24298        2291.37992
    0.0003972888           2301.24426           0.24292        2290.40808
    0.0004043647           2300.26462           0.24287        2289.43311
    0.0004115295           2299.28172           0.24281        2288.45490
    0.0004187845           2298.29543           0.24275        2287.47330
    0.0004261308           2297.30561           0.24270        2286.48819
    0.0004335694           2296.31214           0.24264        2285.49946
    0.0004411017           2295.31490           0.24258        2284.50697
    0.0004487286           2294.31376           0.24253        2283.51061
    0.0004564515           2293.30860           0.24248        2282.51024
    0.0004642716           2292.29929           0.24242        2281.50575
    0.0004721900           2291.28572           0.24237        2280.49701
    0.0004802080           2290.26776           0.24231        2279.48390
    0.0004883269           2289.24529           0.24226        2278.46631
    0.0004965478           2288.21819           0.24221        2277.44411
    0.0005048722           2287.18633           0.24216        2276.41718
    0.0005133013           2286.14960           0.24210        2275.38540
    0.0005218365           2285.10788           0.24205        2274.34864
    0.0005304790           2284.06104           0.24200        2273.30680
    0.0005392301           2283.00896           0.24195        2272.25975
    0.0005480914           2281.95153           0.24190        2271.20736
    0.0005570642           2280.88861           0.24185        2270.14953
    0.0005661497           2279.82010           0.24180        2269.08612
    0.0005753496           2278.74587           0.24176        2268.01702
    0.0005846652           2277.66580           0.24171        2266.94211
    0.0005940980           2276.57977           0.24166        2265.86127
    0.0006036494           2275.48765           0.24161        2264.77438
    0.0006133210           2274.38934           0.24157        2263.68131
    0.0006231142           2273.28469           0.24152        2262.58195
    0.0006330306           2272.17360           0.24148        2261.47617
    0.0006430717           2271.05594           0.24143        2260.36386
    0.0006532392           2269.93158           0.24139        2259.24488
    0.0006635345           2268.80041           0.24135        2258.11912
    0.0006739593           2267.66229           0.24130        2256.98646
    0.0006845153           2266.51711           0.24126        2255.84676
    0.0006952040           2265.36475           0.24122        2254.69991
    0.0007060272           2264.20506           0.24118        2253.54578
    0.0007169865           2263.03794           0.24114        2252.38425
    0.0007280837           2261.86325           0.24110        2251.21519
    0.0007393205           2260.68087           0.24106        2250.03848
    0.0007506986           2259.49067           0.24102        2248.85398
    0.0007622198           2258.29252           0.24098        2247.66158
    0.0007738859           2257.08629           0.24095        2246.46113
    0.0007856988           2255.87186           0.24091        2245.25252
    0.0007976602           2254.64908           0.24088        2244.03561
    0.0008097722           2253.41784           0.24084        2242.81028
    0.0008220364           2252.17800           0.24081        2241.57639
    0.0008344550           2250.92942           0.24078        2240.33380
    0.0008470297           2249.67198           0.24074        2239.08240
    0.0008597626           2248.40554           0.24071        2237.82204
    0.0008726557           2247.12996           0.24068        2236.55259
    0.0008857110           2245.84511           0.24065        2235.27391
    0.0008989304           2244.55085           0.24063        2233.98587
    0.0009123162           2243.24705           0.24060        2232.68833
    0.0009258703           2241.93355           0.24057        2231.38115
    0.0009395949           2240.61024           0.24055        2230.06420
    0.0009534921           2239.27696           0.24052        2228.73733
    0.0009675642           2237.93357           0.24050        2227.40040
    0.0009818132           2236.57993           0.24048        2226.05328
    0.0009962415           2235.21589           0.24046        2224.69581
    0.0010108513           2233.84132           0.24044        2223.32785
    0.0010256448           2232.45606           0.24042        2221.94926
    0.0010406244           2231.05997           0.24040        2220.55990
    0.0010557924           2229.65290           0.24039        2219.15961
    0.0010711513           2228.23471           0.24037        2217.74824
    0.0010867033           2226.80523           0.24036        2216.32565
    0.0011024509           2225.36432           0.24035        2214.89169
    0.0011183966           2223.91182           0.24034        2213.44620
    0.0011345429           2222.44759           0.24033        2211.98903
    0.0011508923           2220.97147           0.24032        2210.52003
    0.0011674473           2219.48329           0.24032        2209.03903
    0.0011842106           2217.98291           0.24031        2207.54589
    0.0012011847           2216.47016           0.24031        2206.04045
    0.0012183724           2214.94489           0.24031        2204.52254
    0.0012357762           2213.40693           0.24031        2202.99201
    0.0012533990           2211.85611           0.24031        2201.44869
    0.0012712434           2210.29228           0.24032        2199.89242
    0.0012893122           2208.71528           0.24032        2198.32304
    0.0013076084           2207.12492           0.24033        2196.74037
    0.0013261346           2205.52105           0.24034        2195.14426
    0.0013448940           2203.90349           0.24035        2193.53453
    0.0013638892           2202.27208           0.24037        2191.91101
    0.0013831234           2200.62664           0.24038        2190.27354
    0.0014025996           2198.96699           0.24040        2188.62193
    0.0014223207           2197.29297           0.24042        2186.95602
    0.0014422899           2195.60440           0.24045        2185.27563
    0.0014625102           2193.90109           0.24047        2183.58058
    0.0014829850           2192.18287           0.24050        2181.87069
    0.0015037172           2190.44955           0.24053        2180.14578
    0.0015247102           2188.70096           0.24056        2178.40567
    0.0015459673           2186.93691           0.24060        2176.65018
    0.0015674918           2185.15721           0.24064        2174.87913
    0.0015892870           2183.36168           0.24068        2173.09231
    0.0016113563           2181.55012           0.24072        2171.28956
    0.0016337033           2179.72236           0.24077        2169.47068
    0.0016563314           2177.87818           0.24082        2167.63547
    0.0016792440           2176.01741           0.24087        2165.78375
    0.0017024449           2174.13985           0.24093        2163.91532
    0.0017259376           2172.24529           0.24099        2162.02998
    0.0017497258           2170.33355           0.24105        2160.12755
    0.0017738133           2168.40442           0.24112        2158.20781
    0.0017982037           2166.45770           0.24119        2156.27057
    0.0018229009           2164.49318           0.24126        2154.31563
    0.0018479087           2162.51066           0.24134        2152.34277
    0.0018732312           2160.50994           0.24142        2150.35181
    0.0018988721           2158.49080           0.24150        2148.34253
    0.0019248356           2156.45305           0.24159        2146.31471
    0.0019511256           2154.39645           0.24169        2144.26816
    0.0019777463           2152.32081           0.24178        2142.20265
    0.0020047019           2150.22590           0.24189        2140.11798
    0.0020319966           2148.11151           0.24199        2138.01393
    0.0020596345           2145.97742           0.24210        2135.89028
    0.0020876201           2143.82342           0.24222        2133.74681
    0.0021159577           2141.64927           0.24234        2131.58330
    0.0021446518           2139.45476           0.24247        2129.39954
    0.0021737068           2137.23965           0.24260        2127.19528
    0.0022031273           2135.00373           0.24273        2124.97032
    0.0022329178           2132.74677           0.24287        2122.72442
    0.0022630830           2130.46852           0.24302        2120.45735
    0.0022936277           2128.16877           0.24317        2118.16888
    0.0023245566           2125.84727           0.24333        2115.85878
    0.0023558745           2123.50380           0.24350        2113.52681
    0.0023875863           2121.13811           0.24367        2111.17274
    0.0024196970           2118.74996           0.24384        2108.79633
    0.0024522117           2116.33912           0.24403        2106.39735
    0.0024851353           2113.90533           0.24422        2103.97554
    0.0025184730           2111.44836           0.24441        2101.53066
    0.0025522301           2108.96796           0.24462        2099.06248
    0.0025864118           2106.46389           0.24483        2096.57074
    0.0026210235           2103.93588           0.24504        2094.05519
    0.0026560705           2101.38370           0.24527        2091.51559
    0.0026915583           2098.80708           0.24550        2088.95169
    0.0027274925           2096.20577           0.24574        2086.36323
    0.0027638788           2093.57952           0.24599        2083.74995
    0.0028007227           2090.92806           0.24625        2081.11160
    0.0028380300           2088.25115           0.24652        2078.44791
    0.0028758066           2085.54850           0.24679        2075.75864
    0.0029140584           2082.81987           0.24708        2073.04352
    0.0029527913           2080.06499           0.24737        2070.30228
    0.0029920115           2077.28358           0.24767        2067.53466
    0.0030317249           2074.47539           0.24799        2064.74039
    0.0030719379           2071.64014           0.24831        2061.91920
    0.0031126568           2068.77756           0.24864        2059.07083
    0.0031538877           2065.88738           0.24898        2056.19500
    0.0031956374           2062.96931           0.24934        2053.29144
    0.0032379121           2060.02310           0.24970        2050.35987
    0.0032807186           2057.04844           0.25008        2047.40002
    0.0033240636           2054.04508           0.25046        2044.41161
    0.0033679537           2051.01273           0.25086        2041.39436
    0.0034123960           2047.95109           0.25127        2038.34799
    0.0034573972           2044.85990           0.25170        2035.27221
    0.0035029645           2041.73887           0.25213        2032.16675
    0.0035491050           2038.58770           0.25258        2029.03132
    0.0035958258           2035.40611           0.25305        2025.86563
    0.0036431343           2032.19381           0.25352        2022.66939
    0.0036910379           2028.95051           0.25401        2019.44232
    0.0037395440           2025.67591           0.25452        2016.18412
    0.0037886603           2022.36973           0.25504        2012.89450
    0.0038383944           2019.03166           0.25557        2009.57317
    0.0038887540           2015.66142           0.25612        2006.21984
    0.0039397471           2012.25870           0.25669        2002.83420
    0.0039913816           2008.82321           0.25727        1999.41597
    0.0040436656           2005.35464           0.25787        1995.96485
    0.0040966073           2001.85270           0.25849        1992.48053
    0.0041502148           1998.31708           0.25912        1988.96271
    0.0042044967           1994.74749           0.25977        1985.41110
    0.0042594614           1991.14361           0.26044        1981.82540
    0.0043151174           1987.50514           0.26113        1978.20529
    0.0043714735           1983.83178           0.26184        1974.55049
    0.0044285384           1980.12322           0.26257        1970.86067
    0.0044863212           1976.37915           0.26331        1967.13555
    0.0045448307           1972.59927           0.26408        1963.37480
    0.0046040762           1968.78327           0.26487        1959.57814
    0.0046640670           1964.93084           0.26568        1955.74524
    0.0047248123           1961.04166           0.26652        1951.87580
    0.0047863217           1957.11544           0.26737        1947.96952
    0.0048486048           1953.15185           0.26825        1944.02608
    0.0049116714           1949.15059           0.26915        1940.04518
    0.0049755312           1945.11135           0.27008        1936.02651
    0.0050401943           1941.03381           0.27104        1931.96976
    0.0051056707           1936.91766           0.27201        1927.87461
    0.0051719707           1932.76260           0.27302        1923.74076
    0.0052391047           1928.56831           0.27405        1919.56790
    0.0053070831           1924.33447           0.27511        1915.35573
    0.0053759166           1920.06078           0.27620        1911.10392
    0.0054456159           1915.74693           0.27731        1906.81218
    0.0055161919           1911.39260           0.27846        1902.48019
    0.0055876556           1906.99748           0.27963        1898.10764
    0.0056600183           1902.56127           0.28084        1893.69423
    0.0057332911           1898.08365           0.28208        1889.23965
    0.0058074856           1893.56432           0.28335        1884.74359
    0.0058826134           1889.00296           0.28465        1880.20575
    0.0059586862           1884.39928           0.28599        1875.62583
    0.0060357158           1879.75295           0.28736        1871.00350
    0.0061137144           1875.06368           0.28877        1866.33849
    0.0061926940           1870.33117           0.29021        1861.63048
    0.0062726671           1865.55510           0.29169        1856.87917
    0.0063536461           1860.73519           0.29321        1852.08426
    0.0064356437           1855.87112           0.29477        1847.24545
    0.0065186728           1850.96260           0.29636        1842.36246
    0.0066027462           1846.00933           0.29800        1837.43498
    0.0066878771           1841.01103           0.29968        1832.46272
    0.0067740788           1835.96738           0.30140        1827.44539
    0.0068613648           1830.87811           0.30317        1822.38271
    0.0069497488           1825.74292           0.30498        1817.27438
    0.0070392444           1820.56153           0.30683        1812.12012
    0.0071298658           1815.33365           0.30873        1806.91965
    0.0072216271           1810.05901           0.31068        1801.67269
    0.0073145426           1804.73731           0.31268        1796.37897
    0.0074086268           1799.36830           0.31473        1791.03821
    0.0075038944           1793.95169           0.31682        1785.65014
    0.0076003604           1788.48721           0.31897        1780.21449
    0.0076980397           1782.97461           0.32118        1774.73101
    0.0077969477           1777.41361           0.32344        1769.19942
    0.0078970999           1771.80395           0.32575        1763.61948
    0.0079985117           1766.14539           0.32812        1757.99093
    0.0081011992           1760.43767           0.33055        1752.31352
    0.0082051784           1754.68054           0.33303        1746.58701
    0.0083104654           1748.87376           0.33558        1740.81116
    0.0084170768           1743.01709           0.33819        1734.98573
    0.0085250291           1737.11030           0.34086        1729.11049
    0.0086343394           1731.15317           0.34360        1723.18522
    0.0087450246           1725.14545           0.34640        1717.20969
    0.0088571021           1719.08695           0.34927        1711.18368
    0.0089705893           1712.97744           0.35221        1705.10700
    0.0090855040           1706.81672           0.35522        1698.97943
    0.0092018642           1700.60459           0.35831        1692.80077
    0.0093196880           1694.34085           0.36146        1686.57084
    0.0094389938           1688.02530           0.36469        1680.28944
    0.0095598003           1681.65778           0.36800        1673.95640
    0.0096821264           1675.23811           0.37138        1667.57154
    0.0098059911           1668.76610           0.37485        1661.13469
    0.0099314139           1662.24162           0.37839        1654.64570
    0.0100584143           1655.66448           0.38202        1648.10442
    0.0101870122           1649.03456           0.38574        1641.51069
    0.0103172276           1642.35172           0.38954        1634.86439
    0.0104490809           1635.61581           0.39343        1628.16539
    0.0105825928           1628.82672           0.39741        1621.41356
    0.0107177840           1621.98434           0.40149        1614.60879
    0.0108546757           1615.08855           0.40565        1607.75098
    0.0109932893           1608.13927           0.40992        1600.84004
    0.0111336465           1601.13639           0.41428        1593.87587
    0.0112757691           1594.07986           0.41874        1586.85842
    0.0114196794           1586.96959           0.42330        1579.78760
    0.0115653999           1579.80554           0.42797        1572.66336
    0.0117129533           1572.58765           0.43275        1565.48567
    0.0118623627           1565.31588           0.43763        1558.25448
    0.0120136515           1557.99021           0.44262        1550.96977
    0.0121668432           1550.61063           0.44773        1543.63153
    0.0123219618           1543.17712           0.45295        1536.23975
    0.0124790316           1535.68970           0.45829        1528.79444
    0.0126380771           1528.14839           0.46375        1521.29564
    0.0127991231           1520.55321           0.46933        1513.74336
    0.0129621949           1512.90422           0.47503        1506.13766
    0.0131273178           1505.20147           0.48087        1498.47860
    0.0132945177           1497.44502           0.48683        1490.76625
    0.0134638208           1489.63497           0.49292        1483.00068
    0.0136352534           1481.77140           0.49915        1475.18201
    0.0138088423           1473.85444           0.50551        1467.31035
    0.0139846148           1465.88419           0.51201        1459.38581
    0.0141625982           1457.86081           0.51866        1451.40855
    0.0143428203           1449.78445           0.52545        1443.37872
    0.0145253094           1441.65527           0.53238        1435.29648
    0.0147100939           1433.47346           0.53947        1427.16203
    0.0148972027           1425.23922           0.54671        1418.97557
    0.0150866650           1416.95276           0.55411        1410.73731
    0.0152785105           1408.61432           0.56166        1402.44748
    0.0154727691           1400.22415           0.56938        1394.10635
    0.0156694711           1391.78250           0.57725        1385.71417
    0.0158686474           1383.28967           0.58530        1377.27122
    0.0160703290           1374.74594           0.59352        1368.77781
    0.0162745475           1366.15165           0.60191        1360.23426
    0.0164813346           1357.50711           0.61048        1351.64091
    0.0166907229           1348.81270           0.61922        1342.99809
    0.0169027449           1340.06877           0.62815        1334.30620
    0.0171174339           1331.27571           0.63726        1325.56563
    0.0173348233           1322.43395           0.64657        1316.77677
    0.0175549471           1313.54390           0.65606        1307.94006
    0.0177778398           1304.60601           0.66575        1299.05596
    0.0180035361           1295.62076           0.67564        1290.12493
    0.0182320713           1286.58862           0.68573        1281.14745
    0.0184634811           1277.51011           0.69603        1272.12404
    0.0186978017           1268.38576           0.70653        1263.05523
    0.0189350696           1259.21612           0.71724        1253.94157
    0.0191753221           1250.00176           0.72818        1244.78362
    0.0194185965           1240.74326           0.73933        1235.58199
    0.0196649310           1231.44125           0.75070        1226.33728
    0.0199143640           1222.09635           0.76229        1217.05013
    0.0201669344           1212.70924           0.77412        1207.72120
    0.0204226818           1203.28058           0.78618        1198.35118
    0.0206816461           1193.81107           0.79847        1188.94075
    0.0209438678           1184.30145           0.81101        1179.49064
    0.0212093878           1174.75246           0.82379        1170.00161
    0.0214782477           1165.16487           0.83681        1160.47442
    0.0217504894           1155.53948           0.85009        1150.90986
    0.0220261554           1145.87709           0.86362        1141.30875
    0.0223052890           1136.17856           0.87741        1131.67193
    0.0225879335           1126.44473           0.89145        1122.00026
    0.0228741334           1116.67651           0.90577        1112.29463
    0.0231639331           1106.87480           0.92035        1102.55595
    0.0234573781           1097.04054           0.93520        1092.78515
    0.0237545142           1087.17468           0.95033        1082.98319
    0.0240553878           1077.27821           0.96574        1073.15104
    0.0243600459           1067.35214           0.98144        1063.28972
    0.0246685362           1057.39748           0.99741        1053.40025
    0.0249809068           1047.41531           1.01368        1043.48369
    0.0252972065           1037.40670           1.03025        1033.54110
    0.0256174848           1027.37274           1.04711        1023.57360
    0.0259417916           1017.31458           1.06427        1013.58231
    0.0262701778           1007.23335           1.08174        1003.56837
    0.0266026945            997.13024           1.09951         993.53296
    0.0269393938            987.00644           1.11760         983.47727
    0.0272803283            976.86318           1.13600         973.40252
    0.0276255512            966.70170           1.15472         963.30996
    0.0279751164            956.52327           1.17376         953.20085
    0.0283290787            946.32919           1.19313         943.07647
    0.0286874932            936.12077           1.21282         932.93816
    0.0290504160            925.89935           1.23285         922.78723
    0.0294179039            915.66629           1.25321         912.62504
    0.0297900141            905.42298           1.27391         902.45298
    0.0301668050            895.17082           1.29495         892.27245
    0.0305483353            884.91125           1.31633         882.08487
    0.0309346646            874.64571           1.33806         871.89169
    0.0313258534            864.37568           1.36014         861.69437
    0.0317219627            854.10264           1.38258         851.49440
    0.0321230545            843.82812           1.40536         841.29329
    0.0325291913            833.55364           1.42851         831.09257
    0.0329404368            823.28076           1.45202         820.89377
    0.0333568551            813.01105           1.47588         810.69848
    0.0337785112            802.74610           1.50012         800.50826
    0.0342054712            792.48752           1.52472         790.32473
    0.0346378016            782.23694           1.54969         780.14950
    0.0350755701            771.99600           1.57503         769.98422
    0.0355188451            761.76636           1.60074         759.83052
    0.0359676958            751.54970           1.62683         749.69009
    0.0364221923            741.34771           1.65329         739.56459
    0.0368824056            731.16209           1.68013         729.45575
    0.0373484078            720.99457           1.70735         719.36525
    0.0378202715            710.84687           1.73495         709.29483
    0.0382980705            700.72075           1.76292         699.24622
    0.0387818796            690.61796           1.79128         689.22116
    0.0392717741            680.54027           1.82002         679.22143
    0.0397678308            670.48945           1.84915         669.24877
    0.0402701272            660.46728           1.87865         659.30498
    0.0407787416            650.47557           1.90854         649.39182
    0.0412937536            640.51612           1.93880         639.51110
    0.0418152437            630.59072           1.96945         629.66460
    0.0423432933            620.70120           2.00048         619.85413
    0.0428779850            610.84937           2.03189         610.08149
    0.0434194022            601.03704           2.06368         600.34848
    0.0439676296            591.26604           2.09584         590.65693
    0.0445227529            581.53819           2.12838         581.00863
    0.0450848588            571.85532           2.16129         571.40539
    0.0456540351            562.21924           2.19457         561.84902
    0.0462303708            552.63176           2.22822         552.34133
    0.0468139558            543.09471           2.26223         542.88411
    0.0474048815            533.60989           2.29660         533.47916
    0.0480032401            524.17911           2.33134         524.12826
    0.0486091251            514.80415           2.36643         514.83320
    0.0492226312            505.48681           2.40187         505.59575
    0.0498438543            496.22885           2.43765         496.41767
    0.0504728914            487.03206           2.47378         487.30070
    0.0511098408            477.89817           2.51025         478.24659
    0.0517548021            468.82892           2.54704         469.25705
    0.0524078759            459.82604           2.58416         460.33379
    0.0530691644            450.89124           2.62160         451.47849
    0.0537387709            442.02619           2.65935         442.69284
    0.0544168001            433.23257           2.69741         433.97847
    0.0551033577            424.51202           2.73577         425.33702
    0.0557985512            415.86617           2.77441         416.77009
    0.0565024892            407.29662           2.81334         408.27927
    0.0572152816            398.80494           2.85254         399.86611
    0.0579370399            390.39269           2.89201         391.53215
    0.0586678767            382.06138           2.93173         383.27888
    0.0594079063            373.81251           2.97170         375.10777
    0.0601572444            365.64753           3.01190         367.02028
    0.0609160080            357.56788           3.05233         359.01780
    0.0616843156            349.57494           3.09297         351.10171
    0.0624622874            341.67009           3.13382         343.27336
    0.0632500448            333.85464           3.17485         335.53404
    0.0640477110            326.12987           3.21606         327.88502
    0.0648554107            318.49705           3.25743         320.32752
    0.0656732699            310.95736           3.29896         312.86274
    0.0665014165            303.51199           3.34062         305.49181
    0.0673399800            296.16205           3.38241         298.21584
    0.0681890912            288.90861           3.42430         291.03588
    0.0690488830            281.75273           3.46628         283.95294
    0.0699194896            274.69537           3.50834         276.96800
    0.0708010471            267.73748           3.55046         270.08196
    0.0716936932            260.87995           3.59263         263.29570
    0.0725975675            254.12362           3.63482         256.61003
    0.0735128111            247.46928           3.67701         250.02572
    0.0744395670            240.91767           3.71920         243.54349
    0.0753779801            234.46948           3.76136         237.16400
    0.0763281969            228.12534           3.80347         230.88785
    0.0772903660            221.88582           3.84551         224.71561
    0.0782646378            215.75145           3.88746         218.64778
    0.0792511643            209.72270           3.92930         212.68479
    0.0802500998            203.79998           3.97101         206.82703
    0.0812616004            197.98363           4.01257         201.07485
    0.0822858241            192.27396           4.05396         195.42849
    0.0833229309            186.67121           4.09515         189.88819
    0.0843730830            181.17554           4.13612         184.45410
    0.0854364443            175.78709           4.17685         179.12631
    0.0865131811            170.50591           4.21731         173.90486
    0.0876034615            165.33199           4.25748         168.78973
    0.0887074560            160.26530           4.29733         163.78083
    0.0898253370            155.30569           4.33685         158.87803
    0.0909572793            150.45301           4.37600         154.08112
    0.0921034596            145.70699           4.41476         149.38984
    0.0932640571            141.06736           4.45310         144.80388
    0.0944392531            136.53375           4.49100         140.32285
    0.0956292313            132.10575           4.52843         135.94631
    0.0968341775            127.78287           4.56536         131.67377
    0.0980542801            123.56459           4.60177         127.50468
    0.0992897297            119.45031           4.63762         123.43841
    0.1005407193            115.43940           4.67290         119.47430
    0.1018074445            111.53113           4.70757         115.61163
    0.1030901031            107.72475           4.74161         111.84962
    0.1043888956            104.01945           4.77499         108.18742
    0.1057040248            100.41435           4.80767         104.62416
    0.1070356964             96.90853           4.83964         101.15888
    0.1083841183             93.50102           4.87086          97.79060
    0.1097495012             90.19080           4.90130          94.51827
    0.1111320586             86.97678           4.93094          91.34080
    0.1125320064             83.85784           4.95975          88.25705
    0.1139495634             80.83282           4.98770          85.26583
    0.1153849510             77.90049           5.01477          82.36591
    0.1168383937             75.05960           5.04091          79.55603
    0.1183101183             72.30885           5.06611          76.83485
    0.1198003550             69.64689           5.09034          74.20102
    0.1213093365             67.07234           5.11358          71.65316
    0.1228372987             64.58378           5.13578          69.18982
    0.1243844804             62.17976           5.15694          66.80953
    0.1259511231             59.85879           5.17701          64.51081
    0.1275374718             57.61934           5.19599          62.29212
    0.1291437743             55.45987           5.21383          60.15189
    0.1307702816             53.37879           5.23051          58.08855
    0.1324172478             51.37451           5.24602          56.10047
    0.1340849304             49.44539           5.26032          54.18603
    0.1357735897             47.58979           5.27340          52.34356
    0.1374834899             45.80603           5.28522          50.57139
    0.1392148979             44.09242           5.29578          48.86784
    0.1409680843             42.44728           5.30504          47.23119
    0.1427433231             40.86886           5.31299          45.65972
    0.1445408917             39.35546           5.31961          44.15171
    0.1463610709             37.90534           5.32487          42.70542
    0.1482041451             36.51674           5.32877          41.31911
    0.1500704023             35.18793           5.33128          39.99103
    0.1519601342             33.91715           5.33238          38.71943
    0.1538736360             32.70265           5.33207          37.50257
    0.1558112066             31.54269           5.33033          36.33871
    0.1577731490             30.43552           5.32715          35.22609
    0.1597597695             29.37939           5.32251          34.16300
    0.1617713786             28.37258           5.31641          33.14771
    0.1638082906             27.41337           5.30884          32.17850
    0.1658708238             26.50005           5.29978          31.25368
    0.1679593005             25.63091           5.28923          30.37156
    0.1700740471             24.80429           5.27719          29.53048
    0.1722153938             24.01852           5.26365          28.72878
    0.1743836754             23.27194           5.24862          27.96483
    0.1765792306             22.56295           5.23208          27.23703
    0.1788024025             21.88994           5.21403          26.54380
    0.1810535384             21.25133           5.19449          25.88357
    0.1833329902             20.64557           5.17345          25.25481
    0.1856411139             20.07114           5.15091          24.65601
    0.1879782702             19.52655           5.12688          24.08570
    0.1903448244             19.01031           5.10137          23.54244
    0.1927411461             18.52101           5.07438          23.02481
    0.1951676099             18.05723           5.04593          22.53143
    0.1976245948             17.61760           5.01602          22.06095
    0.2001124848             17.20080           4.98466          21.61206
    0.2026316686             16.80551           4.95187          21.18348
    0.2051825398             16.43048           4.91767          20.77398
    0.2077654970             16.07447           4.88206          20.38236
    0.2103809438             15.73630           4.84507          20.00744
    0.2130292889             15.41480           4.80672          19.64811
    0.2157109461             15.10887           4.76701          19.30327
    0.2184263344             14.81743           4.72599          18.97189
    0.2211758780             14.53945           4.68365          18.65296
    0.2239600067             14.27393           4.64005          18.34551
    0.2267791554             14.01991           4.59518          18.04861
    0.2296337646             13.77647           4.54910          17.76139
    0.2325242804             13.54275           4.50181          17.48300
    0.2354511543             13.31790           4.45336          17.21264
    0.2384148439             13.10114           4.40377          16.94954
    0.2414158120             12.89170           4.35308          16.69299
    0.2444545277             12.68886           4.30132          16.44231
    0.2475314657             12.49196           4.24852          16.19685
    0.2506471069             12.30035           4.19473          15.95600
    0.2538019379             12.11343           4.13998          15.71922
    0.2569964519             11.93063           4.08431          15.48596
    0.2602311479             11.75144           4.02775          15.25574
    0.2635065314             11.57536           3.97036          15.02812
    0.2668231141             11.40194           3.91218          14.80266
    0.2701814143             11.23076           3.85324          14.57900
    0.2735819567             11.06143           3.79359          14.35678
    0.2770252727             10.89359           3.73328          14.13569
    0.2805119003             10.72694           3.67235          13.91545
    0.2840423842             10.56117           3.61086          13.69580
    0.2876172762             10.39603           3.54884          13.47652
    0.2912371347             10.23128           3.48635          13.25743
    0.2949025255             10.06673           3.42343          13.03835
    0.2986140212              9.90220           3.36014          12.81915
    0.3023722018              9.73753           3.29652          12.59971
    0.3061776545              9.57260           3.23262          12.37995
    0.3100309739              9.40731           3.16850          12.15980
    0.3139327620              9.24157           3.10420          11.93922
    0.3178836287              9.07533           3.03977          11.71818
    0.3218841911              8.90855           2.97526          11.49668
    0.3259350744              8.74121           2.91073          11.27474
    0.3300369115              8.57330           2.84621          11.05239
    0.3341903434              8.40484           2.78177          10.82967
    0.3383960190              8.23586           2.71745          10.60664
    0.3426545955              8.06639           2.65329          10.38339
    0.3469667383              7.89651           2.58935          10.16000
    0.3513331212              7.72627           2.52567           9.93657
    0.3557544265              7.55575           2.46230           9.71321
    0.3602313449              7.38504           2.39928           9.49004
    0.3647645760              7.21425           2.33665           9.26718
    0.3693548281              7.04347           2.27447           9.04477
    0.3740028185              6.87282           2.21278           8.82294
    0.3787092734              6.70241           2.15160           8.60185
    0.3834749283              6.53237           2.09100           8.38162
    0.3883005276              6.36283           2.03099           8.16243
    0.3931868256              6.19392           1.97163           7.94441
    0.3981345856              6.02577           1.91295           7.72773
    0.4031445808              5.85851           1.85498           7.51253
    0.4082175940              5.69227           1.79775           7.29898
    0.4133544178              5.52720           1.74130           7.08721
    0.4185558549              5.36342           1.68566           6.87739
    0.4238227180              5.20107           1.63086           6.66966
    0.4291558301              5.04029           1.57693           6.46417
    0.4345560245              4.88119           1.52388           6.26106
    0.4400241450              4.72390           1.47175           6.06047
    0.4455610460              4.56855           1.42055           5.86252
    0.4511675926              4.41525           1.37032           5.66735
    0.4568446609              4.26412           1.32106           5.47509
    0.4625931379              4.11526           1.27279           5.28584
    0.4684139219              3.96878           1.22553           5.09972
    0.4743079223              3.82478           1.17930           4.91683
    0.4802760601              3.68335           1.13410           4.73727
    0.4863192678              3.54458           1.08995           4.56113
    0.4924384898              3.40855           1.04686           4.38849
    0.4986346821              3.27533           1.00482           4.21944
    0.5049088128              3.14498           0.96386           4.05403
    0.5112618625              3.01759           0.92396           3.89234
    0.5176948236              2.89319           0.88514           3.73442
    0.5242087015              2.77184           0.84740           3.58031
    0.5308045138              2.65357           0.81073           3.43006
    0.5374832912              2.53844           0.77514           3.28369
    0.5442460774              2.42645           0.74061           3.14124
    0.5510939289              2.31765           0.70715           3.00271
    0.5580279157              2.21203           0.67475           2.86813
    0.5650491214              2.10963           0.64339           2.73750
    0.5721586430              2.01043           0.61308           2.61082
    0.5793575914              1.91443           0.58380           2.48807
    0.5866470913              1.82163           0.55554           2.36924
    0.5940282819              1.73202           0.52829           2.25432
    0.6015023165              1.64558           0.50204           2.14327
    0.6090703628              1.56228           0.47676           2.03606
    0.6167336034              1.48209           0.45246           1.93265
    0.6244932358              1.40498           0.42910           1.83301
    0.6323504723              1.33091           0.40667           1.73707
    0.6403065406              1.25985           0.38515           1.64480
    0.6483626840              1.19173           0.36454           1.55613
    0.6565201612              1.12652           0.34480           1.47101
    0.6647802468              1.06415           0.32591           1.38936
    0.6731442316              1.00458           0.30787           1.31113
    0.6816134222              0.94774           0.29064           1.23623
    0.6901891422              0.89356           0.27421           1.16460
    0.6988727315              0.84199           0.25855           1.09616
    0.7076655469              0.79296           0.24364           1.03083
    0.7165689623              0.74639           0.22946           0.96853
    0.7255843688              0.70221           0.21600           0.90918
    0.7347131752              0.66036           0.20321           0.85269
    0.7439568079              0.62075           0.19109           0.79898
    0.7533167111              0.58332           0.17961           0.74797
    0.7627943475              0.54798           0.16875           0.69956
    0.7723911978              0.51467           0.15849           0.65367
    0.7821087616              0.48331           0.14880           0.61021
    0.7919485574              0.45381           0.13966           0.56910
    0.8019121225              0.42611           0.13106           0.53024
    0.8120010139              0.40013           0.12296           0.49356
    0.8222168079              0.37579           0.11534           0.45897
    0.8325611008              0.35302           0.10820           0.42638
    0.8430355088              0.33175           0.10149           0.39570
    0.8536416687              0.31191           0.09521           0.36687
    0.8643812377              0.29341           0.08934           0.33978
    0.8752558938              0.27620           0.08385           0.31438
    0.8862673362              0.26021           0.07873           0.29057
    0.8974172855              0.24537           0.07395           0.26828
    0.9087074840              0.23161           0.06951           0.24745
    0.9201396956              0.21888           0.06537           0.22798
    0.9317157068              0.20711           0.06153           0.20982
    0.9434373262              0.19624           0.05797           0.19290
    0.9553063855              0.18621           0.05467           0.17715
    0.9673247392              0.17698           0.05161           0.16251
    0.9794942651              0.16848           0.04878           0.14891
    0.9918168648              0.16067           0.04618           0.13630
    1.0042944638              0.15350           0.04377           0.12461
    1.0169290116              0.14692           0.04155           0.11380
    1.0297224825              0.14089           0.03951           0.10381
    1.0426768755              0.13536           0.03764           0.09459
    1.0557942146              0.13030           0.03592           0.08609
    1.0690765496              0.12567           0.03434           0.07826
    1.0825259557              0.12142           0.03289           0.07106
    1.0961445346              0.11753           0.03156           0.06445
    1.1099344141              0.11396           0.03035           0.05839
    1.1238977489              0.11069           0.02923           0.05283
    1.1380367209              0.10768           0.02821           0.04775
    1.1523535392              0.10490           0.02728           0.04310
    1.1668504410              0.10234           0.02642           0.03886
    1.1815296913              0.09996           0.02564           0.03500
    1.1963935838              0.09774           0.02491           0.03148
    1.2114444412              0.09567           0.02425           0.02827
    1.2266846149              0.09373           0.02363           0.02537
    1.2421164865              0.09189           0.02306           0.02273
    1.2577424671              0.09014           0.02253           0.02034
    1.2735649984              0.08847           0.02204           0.01817
    1.2895865526              0.08686           0.02158           0.01622
    1.3058096332              0.08531           0.02114           0.01445
    1.3222367749              0.08380           0.02073           0.01286
    1.3388705447              0.08232           0.02034           0.01143
    1.3557135416              0.08086           0.01996           0.01015
    1.3727683973              0.07942           0.01960           0.00899
    1.3900377766              0.07800           0.01925           0.00796
    1.4075243780              0.07657           0.01891           0.00703
    1.4252309338              0.07515           0.01858           0.00621
    1.4431602106              0.07373           0.01825           0.00547
    1.4613150100              0.07230           0.01793           0.00481
    1.4796981686              0.07087           0.01761           0.00423
    1.4983125589              0.06942           0.01730           0.00371
    1.5171610894              0.06796           0.01698           0.00325
    1.5362467053              0.06649           0.01666           0.00284
    1.5555723886              0.06502           0.01635           0.00248
    1.5751411591              0.06352           0.01603           0.00216
    1.5949560744              0.06202           0.01571           0.00188
    1.6150202307              0.06051           0.01539           0.00163
    1.6353367630              0.05899           0.01507           0.00142
    1.6559088458              0.05746           0.01474           0.00123
    1.6767396936              0.05592           0.01441           0.00106
    1.6978325611              0.05438           0.01408           0.00092
    1.7191907443              0.05284           0.01375           0.00079
    1.7408175804              0.05130           0.01341           0.00068
    1.7627164486              0.04975           0.01308           0.00058
    1.7848907706              0.04821           0.01274           0.00050
    1.8073440112              0.04668           0.01240           0.00043
    1.8300796789              0.04516           0.01207           0.00036
    1.8531013260              0.04364           0.01173           0.00031
    1.8764125499              0.04214           0.01139           0.00026
    1.9000169928              0.04065           0.01105           0.00022
    1.9239183430              0.03917           0.01071           0.00019
    1.9481203353              0.03772           0.01038           0.00016
    1.9726267511              0.03628           0.01004           0.00014
    1.9974414197              0.03487           0.00971           0.00011
    2.0225682184              0.03348           0.00938           0.00010
    2.0480110733              0.03211           0.00906           0.00008
    2.0737739599              0.03077           0.00873           0.00007
    2.0998609038              0.02946           0.00841           0.00006
    2.1262759810              0.02818           0.00810           0.00005
    2.1530233190              0.02693           0.00779           0.00004
    2.1801070970              0.02571           0.00749           0.00003
    2.2075315471              0.02451           0.00719           0.00003
    2.2353009543              0.02336           0.00689           0.00002
    2.2634196576              0.02223           0.00661           0.00002
    2.2918920507              0.02114           0.00632           0.00002
    2.3207225824              0.02008           0.00605           0.00001
    2.3499157575              0.01906           0.00578           0.00001
    2.3794761376              0.01807           0.00552           0.00001
    2.4094083414              0.01712           0.00526           0.00001
    2.4397170461              0.01620           0.00501           0.00001
    2.4704069873              0.01532           0.00477           0.00000
    2.5014829605              0.01447           0.00454           0.00000
    2.5329498213              0.01365           0.00431           0.00000
    2.5648124865              0.01287           0.00409           0.00000
    2.5970759346              0.01211           0.00388           0.00000
    2.6297452070              0.01140           0.00368           0.00000
    2.6628254082              0.01071           0.00348           0.00000
    2.6963217072              0.01006           0.00329           0.00000
    2.7302393377              0.00943           0.00311           0.00000
    2.7645835995              0.00884           0.00293           0.00000
    2.7993598589              0.00827           0.00276           0.00000
    2.8345735499              0.00774           0.00260           0.00000
    2.8702301745              0.00723           0.00245           0.00000
    2.9063353042              0.00675           0.00230           0.00000
    2.9428945806              0.00629           0.00216           0.00000
    2.9799137161              0.00586           0.00203           0.00000
    3.0173984949              0.00545           0.00190           0.00000
    3.0553547743              0.00507           0.00178           0.00000
    3.0937884848              0.00471           0.00166           0.00000
    3.1327056320              0.00437           0.00155           0.00000
    3.1721122965              0.00405           0.00145           0.00000
    3.2120146359              0.00375           0.00135           0.00000
    3.2524188850              0.00347           0.00126           0.00000
    3.2933313569              0.00321           0.00117           0.00000
    3.3347584444              0.00296           0.00109           0.00000
    3.3767066204              0.00273           0.00101           0.00000
    3.4191824396              0.00252           0.00094           0.00000
    3.4621925388              0.00232           0.00087           0.00000
    3.5057436385              0.00213           0.00080           0.00000
    3.5498425436              0.00196           0.00074           0.00000
    3.5944961446              0.00179           0.00069           0.00000
    3.6397114187              0.00164           0.00063           0.00000
    3.6854954310              0.00151           0.00058           0.00000
    3.7318553353              0.00138           0.00054           0.00000
    3.7787983754              0.00126           0.00049           0.00000
    3.8263318862              0.00115           0.00045           0.00000
    3.8744632950              0.00105           0.00042           0.00000
    3.9232001224              0.00096           0.00038           0.00000
    3.9725499836              0.00087           0.00035           0.00000
    4.0225205897              0.00079           0.00032           0.00000
    4.0731197486              0.00072           0.00029           0.00000
    4.1243553665              0.00065           0.00027           0.00000
    4.1762354493              0.00059           0.00024           0.00000
    4.2287681031              0.00053           0.00022           0.00000
    4.2819615363              0.00048           0.00020           0.00000
    4.3358240606              0.00044           0.00018           0.00000
    4.3903640920              0.00039           0.00016           0.00000
    4.4455901526              0.00035           0.00015           0.00000
    4.5015108715              0.00032           0.00013           0.00000
    4.5581349864              0.00029           0.00012           0.00000
    4.6154713451              0.00026           0.00011           0.00000
    4.6735289063              0.00023           0.00010           0.00000
    4.7323167418              0.00021           0.00009           0.00000
    4.7918440372              0.00018           0.00008           0.00000
    4.8521200938              0.00016           0.00007           0.00000
    4.9131543298              0.00015           0.00006           0.00000
    4.9749562821              0.00013           0.00006           0.00000
    5.0375356072              0.00012           0.00005           0.00000
    5.1009020833              0.00010           0.00005           0.00000
    5.1650656115              0.00009           0.00004           0.00000
    5.2300362176              0.00008           0.00004           0.00000
    5.2958240533              0.00007           0.00003           0.00000
    5.3624393982              0.00006           0.00003           0.00000
    5.4298926609              0.00006           0.00003           0.00000
    5.4981943811              0.00005           0.00002           0.00000
    5.5673552313              0.00004           0.00002           0.00000
    5.6373860179              0.00004           0.00002           0.00000
    5.7082976833              0.00003           0.00002           0.00000
    5.7801013077              0.00003           0.00001           0.00000
    5.8528081105              0.00003           0.00001           0.00000
    5.9264294523              0.00002           0.00001           0.00000
    6.0009768366              0.00002           0.00001           0.00000
    6.0764619115              0.00002           0.00001           0.00000
    6.1528964718              0.00001           0.00001           0.00000
    6.2302924605              0.00001           0.00001           0.00000
    6.3086619708              0.00001           0.00001           0.00000
    6.3880172483              0.00001           0.00000           0.00000
    6.4683706923              0.00001           0.00000           0.00000
    6.5497348582              0.00001           0.00000           0.00000
    6.6321224593              0.00001           0.00000           0.00000
    6.7155463689              0.00001           0.00000           0.00000
    6.8000196220              0.00000           0.00000           0.00000
    6.8855554179              0.00000           0.00000           0.00000
    6.9721671217              0.00000           0.00000           0.00000
    7.0598682665              0.00000           0.00000           0.00000
    7.1486725560              0.00000           0.00000           0.00000
    7.2385938659              0.00000           0.00000           0.00000
    7.3296462467              0.00000           0.00000           0.00000
    7.4218439254              0.00000           0.00000           0.00000
    7.5152013081              0.00000           0.00000           0.00000
    7.6097329822              0.00000           0.00000           0.00000
    7.7054537183              0.00000           0.00000           0.00000
    7.8023784731              0.00000           0.00000           0.00000
    7.9005223912              0.00000           0.00000           0.00000
    7.9999008079              0.00000           0.00000           0.00000
    8.1005292511              0.00000           0.00000           0.00000
    8.2024234443              0.00000           0.00000           0.00000
    8.3055993087              0.00000           0.00000           0.00000
    8.4100729657              0.00000           0.00000           0.00000
    8.5158607396              0.00000           0.00000           0.00000
    8.6229791598              0.00000           0.00000           0.00000
    8.7314449639              0.00000           0.00000           0.00000
    8.8412750999              0.00000           0.00000           0.00000
    8.9524867289              0.00000           0.00000           0.00000
    9.0650972279              0.00000           0.00000           0.00000
    9.1791241927              0.00000           0.00000           0.00000
    9.2945854401              0.00000           0.00000           0.00000
    9.4114990113              0.00000           0.00000           0.00000
    9.5298831741              0.00000           0.00000           0.00000
    9.6497564264              0.00000           0.00000           0.00000
    9.7711374986              0.00000           0.00000           0.00000
    9.8940453567              0.00000           0.00000           0.00000
   10.0184992053              0.00000           0.00000           0.00000
   10.1445184907              0.00000           0.00000           0.00000
   10.2721229035              0.00000           0.00000           0.00000
   10.4013323823              0.00000           0.00000           0.00000
   10.5321671162              0.00000           0.00000           0.00000
   10.6646475485              0.00000           0.00000           0.00000
   10.7987943795              0.00000           0.00000           0.00000
   10.9346285698              0.00000           0.00000           0.00000
   11.0721713440              0.00000           0.00000           0.00000
   11.2114441933              0.00000           0.00000           0.00000
   11.3524688794              0.00000           0.00000           0.00000
   11.4952674376              0.00000           0.00000           0.00000
   11.6398621806              0.00000           0.00000           0.00000
   11.7862757016              0.00000           0.00000           0.00000
   11.9345308780              0.00000           0.00000           0.00000
   12.0846508749              0.00000           0.00000           0.00000
   12.2366591489              0.00000           0.00000           0.00000
   12.3905794516              0.00000           0.00000           0.00000
   12.5464358334              0.00000           0.00000           0.00000
   12.7042526471              0.00000           0.00000           0.00000
   12.8640545520              0.00000           0.00000           0.00000
   13.0258665174              0.00000           0.00000           0.00000
   13.1897138267              0.00000           0.00000           0.00000
   13.3556220815              0.00000           0.00000           0.00000
   13.5236172052              0.00000           0.00000           0.00000
   13.6937254475              0.00000           0.00000           0.00000
   13.8659733881              0.00000           0.00000           0.00000
   14.0403879410              0.00000           0.00000           0.00000
   14.2169963589              0.00000           0.00000           0.00000
   14.3958262372              0.00000           0.00000           0.00000
   14.5769055185              0.00000           0.00000           0.00000
   14.7602624968              0.00000           0.00000           0.00000
   14.9459258219              0.00000           0.00000           0.00000
   15.1339245042              0.00000           0.00000           0.00000
   15.3242879188              0.00000           0.00000           0.00000
   15.5170458104              0.00000           0.00000           0.00000
   15.7122282977              0.00000           0.00000           0.00000
   15.9098658786              0.00000           0.00000           0.00000
   16.1099894341              0.00000           0.00000           0.00000
   16.3126302341              0.00000           0.00000           0.00000
   16.5178199416              0.00000           0.00000           0.00000
   16.7255906179              0.00000           0.00000           0.00000
   16.9359747276              0.00000           0.00000           0.00000
   17.1490051436              0.00000           0.00000           0.00000
   17.3647151523              0.00000           0.00000           0.00000
   17.5831384590              0.00000           0.00000           0.00000
   17.8043091926              0.00000           0.00000           0.00000
   18.0282619116              0.00000           0.00000           0.00000
   18.2550316090              0.00000           0.00000           0.00000
   18.4846537181              0.00000           0.00000           0.00000
   18.7171641177              0.00000           0.00000           0.00000
   18.9525991381              0.00000           0.00000           0.00000
   19.1909955665              0.00000           0.00000           0.00000
   19.4323906529              0.00000           0.00000           0.00000
   19.6768221156              0.00000           0.00000           0.00000
   19.9243281477              0.00000           0.00000           0.00000
   20.1749474223              0.00000           0.00000           0.00000
   20.4287190994              0.00000           0.00000           0.00000
   20.6856828312              0.00000           0.00000           0.00000
   20.9458787689              0.00000           0.00000           0.00000
   21.2093475686              0.00000           0.00000           0.00000
   21.4761303978              0.00000           0.00000           0.00000
   21.7462689418              0.00000           0.00000           0.00000
   22.0198054105              0.00000           0.00000           0.00000
   22.2967825444              0.00000           0.00000           0.00000
   22.5772436217              0.00000           0.00000           0.00000
   22.8612324651              0.00000           0.00000           0.00000
   23.1487934484              0.00000           0.00000           0.00000
   23.4399715036              0.00000           0.00000           0.00000
   23.7348121279              0.00000           0.00000           0.00000
   24.0333613907              0.00000           0.00000           0.00000
   24.3356659409              0.00000           0.00000           0.00000
   24.6417730142              0.00000           0.00000           0.00000
   24.9517304405              0.00000           0.00000           0.00000
   25.2655866513              0.00000           0.00000           0.00000
   25.5833906873              0.00000           0.00000           0.00000
   25.9051922059              0.00000           0.00000           0.00000
   26.2310414893              0.00000           0.00000           0.00000
   26.5609894521              0.00000           0.00000           0.00000
   26.8950876494              0.00000           0.00000           0.00000
   27.2333882846              0.00000           0.00000           0.00000
   27.5759442181              0.00000           0.00000           0.00000
   27.9228089747              0.00000           0.00000           0.00000
   28.2740367528              0.00000           0.00000           0.00000
   28.6296824326              0.00000           0.00000           0.00000
   28.9898015843              0.00000           0.00000           0.00000
   29.3544504773              0.00000           0.00000           0.00000
   29.7236860887              0.00000           0.00000           0.00000
   30.0975661124              0.00000           0.00000           0.00000
   30.4761489678              0.00000           0.00000           0.00000
   30.8594938093              0.00000           0.00000           0.00000
   31.2476605353              0.00000           0.00000           0.00000
   31.6407097977              0.00000           0.00000           0.00000
   32.0387030112              0.00000           0.00000           0.00000
   32.4417023631              0.00000           0.00000           0.00000
   32.8497708227              0.00000           0.00000           0.00000
   33.2629721517              0.00000           0.00000           0.00000
   33.6813709136              0.00000           0.00000           0.00000
   34.1050324841              0.00000           0.00000           0.00000
   34.5340230611              0.00000           0.00000           0.00000
   34.9684096752              0.00000           0.00000           0.00000
   35.4082602004              0.00000           0.00000           0.00000
   35.8536433640              0.00000           0.00000           0.00000
   36.3046287583              0.00000           0.00000           0.00000
   36.7612868504              0.00000           0.00000           0.00000
   37.2236889942              0.00000           0.00000           0.00000
   37.6919074410              0.00000           0.00000           0.00000
   38.1660153508              0.00000           0.00000           0.00000
   38.6460868039              0.00000           0.00000           0.00000
   39.1321968126              0.00000           0.00000           0.00000
   39.6244213325              0.00000           0.00000           0.00000
   40.1228372747              0.00000           0.00000           0.00000
   40.6275225176              0.00000           0.00000           0.00000
   41.1385559194              0.00000           0.00000           0.00000
   41.6560173301              0.00000           0.00000           0.00000
   42.1799876040              0.00000           0.00000           0.00000
   42.7105486127              0.00000           0.00000           0.00000
   43.2477832572              0.00000           0.00000           0.00000
   43.7917754818              0.00000           0.00000           0.00000
   44.3426102861              0.00000           0.00000           0.00000
   44.9003737394              0.00000           0.00000           0.00000
   45.4651529932              0.00000           0.00000           0.00000
   46.0370362955              0.00000           0.00000           0.00000
   46.6161130042              0.00000           0.00000           0.00000
   47.2024736013              0.00000           0.00000           0.00000
   47.7962097067              0.00000           0.00000           0.00000
   48.3974140929              0.00000           0.00000           0.00000
   49.0061806993              0.00000           0.00000           0.00000
   49.6226046470              0.00000           0.00000           0.00000
   50.2467822535              0.00000           0.00000           0.00000
   50.8788110477              0.00000           0.00000           0.00000
   51.5187897855              0.00000           0.00000           0.00000
   52.1668184649              0.00000           0.00000           0.00000
   52.8229983416              0.00000           0.00000           0.00000
   53.4874319450              0.00000           0.00000           0.00000
   54.1602230944              0.00000           0.00000           0.00000
   54.8414769146              0.00000           0.00000           0.00000
   55.5312998529              0.00000           0.00000           0.00000
   56.2297996957              0.00000           0.00000           0.00000
   56.9370855849              0.00000           0.00000           0.00000
   57.6532680354              0.00000           0.00000           0.00000
   58.3784589522              0.00000           0.00000           0.00000
   59.1127716477              0.00000           0.00000           0.00000
   59.8563208599              0.00000           0.00000           0.00000
   60.6092227698              0.00000           0.00000           0.00000
   61.3715950199              0.00000           0.00000           0.00000
   62.1435567324              0.00000           0.00000           0.00000
   62.9252285280              0.00000           0.00000           0.00000
   63.7167325443              0.00000           0.00000           0.00000
   64.5181924555              0.00000           0.00000           0.00000
   65.3297334914              0.00000           0.00000           0.00000
   66.1514824569              0.00000           0.00000           0.00000
   66.9835677519              0.00000           0.00000           0.00000
   67.8261193914              0.00000           0.00000           0.00000
   68.6792690260              0.00000           0.00000           0.00000
   69.5431499619              0.00000           0.00000           0.00000
   70.4178971822              0.00000           0.00000           0.00000
   71.3036473681              0.00000           0.00000           0.00000
   72.2005389198              0.00000           0.00000           0.00000
   73.1087119784              0.00000           0.00000           0.00000
   74.0283084478              0.00000           0.00000           0.00000
   74.9594720169              0.00000           0.00000           0.00000
   75.9023481817              0.00000           0.00000           0.00000
   76.8570842687              0.00000           0.00000           0.00000
   77.8238294574              0.00000           0.00000           0.00000
   78.8027348035              0.00000           0.00000           0.00000
   79.7939532631              0.00000           0.00000           0.00000
   80.7976397160              0.00000           0.00000           0.00000
   81.8139509904              0.00000           0.00000           0.00000
   82.8430458869              0.00000           0.00000           0.00000
   83.8850852036              0.00000           0.00000           0.00000
   84.9402317614              0.00000           0.00000           0.00000
   86.0086504291              0.00000           0.00000           0.00000
   87.0905081492              0.00000           0.00000           0.00000
   88.1859739642              0.00000           0.00000           0.00000
   89.2952190428              0.00000           0.00000           0.00000
   90.4184167069              0.00000           0.00000           0.00000
   91.5557424585              0.00000           0.00000           0.00000
   92.7073740068              0.00000           0.00000           0.00000
   93.8734912968              0.00000           0.00000           0.00000
   95.0542765367              0.00000           0.00000           0.00000
   96.2499142264              0.00000           0.00000           0.00000
   97.4605911869              0.00000           0.00000           0.00000
   98.6864965888              0.00000           0.00000           0.00000
   99.9278219825              0.00000           0.00000           0.00000
  101.1847613274              0.00000           0.00000           0.00000
  102.4575110230              0.00000           0.00000           0.00000
  103.7462699390              0.00000           0.00000           0.00000
  105.0512394465              0.00000           0.00000           0.00000
  106.3726234498              0.00000           0.00000           0.00000
  107.7106284177              0.00000           0.00000           0.00000
  109.0654634163              0.00000           0.00000           0.00000
  110.4373401412              0.00000           0.00000           0.00000
  111.8264729510              0.00000           0.00000           0.00000
  113.2330789006              0.00000           0.00000           0.00000
  114.6573777749              0.00000           0.00000           0.00000
  116.0995921236              0.00000           0.00000           0.00000
  117.5599472956              0.00000           0.00000           0.00000
  119.0386714744              0.00000           0.00000           0.00000
