 Raios
  0.207859094236E-05  0.418332734017E-05  0.631453806276E-05  0.847255611614E-05
  0.106577186950E-04  0.128703672355E-04  0.151108474685E-04  0.173795094735E-04
  0.196767077335E-04  0.220028011906E-04  0.243581533015E-04  0.267431320948E-04
  0.291581102283E-04  0.316034650471E-04  0.340795786431E-04  0.365868379140E-04
  0.391256346241E-04  0.416963654655E-04  0.442994321203E-04  0.469352413229E-04
  0.496042049238E-04  0.523067399540E-04  0.550432686901E-04  0.578142187203E-04
  0.606200230112E-04  0.634611199754E-04  0.663379535401E-04  0.692509732164E-04
  0.722006341695E-04  0.751873972900E-04  0.782117292656E-04  0.812741026544E-04
  0.843749959585E-04  0.875148936988E-04  0.906942864907E-04  0.939136711207E-04
  0.971735506242E-04  0.100474434364E-03  0.103816838110E-03  0.107201284120E-03
  0.110628301220E-03  0.114098424888E-03  0.117612197339E-03  0.121170167606E-03
  0.124772891629E-03  0.128420932343E-03  0.132114859759E-03  0.135855251063E-03
  0.139642690697E-03  0.143477770458E-03  0.147361089583E-03  0.151293254850E-03
  0.155274880667E-03  0.159306589171E-03  0.163389010325E-03  0.167522782016E-03
  0.171708550154E-03  0.175946968774E-03  0.180238700137E-03  0.184584414834E-03
  0.188984791894E-03  0.193440518883E-03  0.197952292018E-03  0.202520816273E-03
  0.207146805489E-03  0.211830982486E-03  0.216574079176E-03  0.221376836678E-03
  0.226240005433E-03  0.231164345320E-03  0.236150625778E-03  0.241199625923E-03
  0.246312134672E-03  0.251488950864E-03  0.256730883388E-03  0.262038751306E-03
  0.267413383983E-03  0.272855621218E-03  0.278366313369E-03  0.283946321495E-03
  0.289596517482E-03  0.295317784186E-03  0.301111015566E-03  0.306977116826E-03
  0.312917004556E-03  0.318931606877E-03  0.325021863581E-03  0.331188726284E-03
  0.337433158571E-03  0.343756136146E-03  0.350158646989E-03  0.356641691504E-03
  0.363206282680E-03  0.369853446249E-03  0.376584220842E-03  0.383399658157E-03
  0.390300823120E-03  0.397288794052E-03  0.404364662838E-03  0.411529535097E-03
  0.418784530354E-03  0.426130782217E-03  0.433569438554E-03  0.441101661669E-03
  0.448728628487E-03  0.456451530737E-03  0.464271575140E-03  0.472189983592E-03
  0.480207993361E-03  0.488326857277E-03  0.496547843930E-03  0.504872237864E-03
  0.513301339785E-03  0.521836466756E-03  0.530478952407E-03  0.539230147146E-03
  0.548091418363E-03  0.557064150651E-03  0.566149746018E-03  0.575349624105E-03
  0.584665222413E-03  0.594097996523E-03  0.603649420325E-03  0.613320986249E-03
  0.623114205495E-03  0.633030608276E-03  0.643071744048E-03  0.653239181760E-03
  0.663534510095E-03  0.673959337718E-03  0.684515293530E-03  0.695204026921E-03
  0.706027208027E-03  0.716986527992E-03  0.728083699232E-03  0.739320455702E-03
  0.750698553170E-03  0.762219769485E-03  0.773885904861E-03  0.785698782156E-03
  0.797660247155E-03  0.809772168862E-03  0.822036439789E-03  0.834454976254E-03
  0.847029718678E-03  0.859762631890E-03  0.872655705434E-03  0.885710953879E-03
  0.898930417134E-03  0.912316160767E-03  0.925870276327E-03  0.939594881673E-03
  0.953492121302E-03  0.967564166687E-03  0.981813216612E-03  0.996241497522E-03
  0.101085126386E-02  0.102564479844E-02  0.104062441278E-02  0.105579244747E-02
  0.107115127255E-02  0.108670328787E-02  0.110245092346E-02  0.111839663991E-02
  0.113454292880E-02  0.115089231299E-02  0.116744734712E-02  0.118421061794E-02
  0.120118474476E-02  0.121837237980E-02  0.123577620868E-02  0.125339895078E-02
  0.127124335969E-02  0.128931222363E-02  0.130760836589E-02  0.132613464530E-02
  0.134489395661E-02  0.136388923102E-02  0.138312343656E-02  0.140259957862E-02
  0.142232070040E-02  0.144228988334E-02  0.146251024769E-02  0.148298495291E-02
  0.150371719822E-02  0.152471022307E-02  0.154596730767E-02  0.156749177347E-02
  0.158928698373E-02  0.161135634398E-02  0.163370330261E-02  0.165633135138E-02
  0.167924402596E-02  0.170244490650E-02  0.172593761820E-02  0.174972583184E-02
  0.177381326437E-02  0.179820367950E-02  0.182290088828E-02  0.184790874971E-02
  0.187323117131E-02  0.189887210977E-02  0.192483557152E-02  0.195112561343E-02
  0.197774634335E-02  0.200470192083E-02  0.203199655774E-02  0.205963451891E-02
  0.208762012284E-02  0.211595774233E-02  0.214465180520E-02  0.217370679495E-02
  0.220312725147E-02  0.223291777178E-02  0.226308301071E-02  0.229362768164E-02
  0.232455655723E-02  0.235587447018E-02  0.238758631398E-02  0.241969704367E-02
  0.245221167662E-02  0.248513529330E-02  0.251847303810E-02  0.255223012011E-02
  0.258641181394E-02  0.262102346055E-02  0.265607046808E-02  0.269155831269E-02
  0.272749253944E-02  0.276387876312E-02  0.280072266914E-02  0.283803001446E-02
  0.287580662841E-02  0.291405841367E-02  0.295279134715E-02  0.299201148096E-02
  0.303172494333E-02  0.307193793956E-02  0.311265675301E-02  0.315388774608E-02
  0.319563736120E-02  0.323791212183E-02  0.328071863349E-02  0.332406358478E-02
  0.336795374845E-02  0.341239598240E-02  0.345739723085E-02  0.350296452532E-02
  0.354910498579E-02  0.359582582181E-02  0.364313433360E-02  0.369103791321E-02
  0.373954404568E-02  0.378866031018E-02  0.383839438124E-02  0.388875402990E-02
  0.393974712496E-02  0.399138163420E-02  0.404366562561E-02  0.409660726867E-02
  0.415021483562E-02  0.420449670276E-02  0.425946135173E-02  0.431511737087E-02
  0.437147345656E-02  0.442853841453E-02  0.448632116132E-02  0.454483072558E-02
  0.460407624957E-02  0.466406699051E-02  0.472481232207E-02  0.478632173584E-02
  0.484860484280E-02  0.491167137480E-02  0.497553118611E-02  0.504019425497E-02
  0.510567068510E-02  0.517197070734E-02  0.523910468119E-02  0.530708309648E-02
  0.537591657498E-02  0.544561587204E-02  0.551619187834E-02  0.558765562151E-02
  0.566001826792E-02  0.573329112436E-02  0.580748563988E-02  0.588261340752E-02
  0.595868616614E-02  0.603571580227E-02  0.611371435194E-02  0.619269400259E-02
  0.627266709495E-02  0.635364612498E-02  0.643564374581E-02  0.651867276974E-02
  0.660274617023E-02  0.668787708391E-02  0.677407881266E-02  0.686136482568E-02
  0.694974876158E-02  0.703924443054E-02  0.712986581644E-02  0.722162707904E-02
  0.731454255625E-02  0.740862676627E-02  0.750389440998E-02  0.760036037312E-02
  0.769803972871E-02  0.779694773934E-02  0.789709985958E-02  0.799851173842E-02
  0.810119922166E-02  0.820517835444E-02  0.831046538369E-02  0.841707676074E-02
  0.852502914383E-02  0.863433940074E-02  0.874502461142E-02  0.885710207066E-02
  0.897058929079E-02  0.908550400442E-02  0.920186416720E-02  0.931968796066E-02
  0.943899379499E-02  0.955980031197E-02  0.968212638788E-02  0.980599113640E-02
  0.993141391166E-02  0.100584143112E-01  0.101870121791E-01  0.103172276091E-01
  0.104490809476E-01  0.105825927969E-01  0.107177840185E-01  0.108546757363E-01
  0.109932893400E-01  0.111336464882E-01  0.112757691120E-01  0.114196794183E-01
  0.115653998934E-01  0.117129533064E-01  0.118623627129E-01  0.120136514584E-01
  0.121668431820E-01  0.123219618204E-01  0.124790316109E-01  0.126380770963E-01
  0.127991231275E-01  0.129621948685E-01  0.131273177995E-01  0.132945177212E-01
  0.134638207591E-01  0.136352533670E-01  0.138088423316E-01  0.139846147767E-01
  0.141625981669E-01  0.143428203126E-01  0.145253093738E-01  0.147100938648E-01
  0.148972026586E-01  0.150866649912E-01  0.152785104667E-01  0.154727690611E-01
  0.156694711279E-01  0.158686474021E-01  0.160703290054E-01  0.162745474510E-01
  0.164813346484E-01  0.166907229085E-01  0.169027449488E-01  0.171174338979E-01
  0.173348233017E-01  0.175549471275E-01  0.177778397702E-01  0.180035360572E-01
  0.182320712540E-01  0.184634810696E-01  0.186978016625E-01  0.189350696456E-01
  0.191753220925E-01  0.194185965431E-01  0.196649310097E-01  0.199143639824E-01
  0.201669344356E-01  0.204226818341E-01  0.206816461388E-01  0.209438678135E-01
  0.212093878308E-01  0.214782476788E-01  0.217504893673E-01  0.220261554348E-01
  0.223052889545E-01  0.225879335416E-01  0.228741333600E-01  0.231639331290E-01
  0.234573781303E-01  0.237545142153E-01  0.240553878122E-01  0.243600459330E-01
  0.246685361812E-01  0.249809067591E-01  0.252972064752E-01  0.256174847519E-01
  0.259417916333E-01  0.262701777932E-01  0.266026945425E-01  0.269393938376E-01
  0.272803282885E-01  0.276255511668E-01  0.279751164144E-01  0.283290786515E-01
  0.286874931854E-01  0.290504160192E-01  0.294179038603E-01  0.297900141294E-01
  0.301668049694E-01  0.305483352548E-01  0.309346646004E-01  0.313258533710E-01
  0.317219626905E-01  0.321230544519E-01  0.325291913266E-01  0.329404367743E-01
  0.333568550530E-01  0.337785112287E-01  0.342054711863E-01  0.346378016390E-01
  0.350755701393E-01  0.355188450895E-01  0.359676957522E-01  0.364221922612E-01
  0.368824056325E-01  0.373484077754E-01  0.378202715036E-01  0.382980705469E-01
  0.387818795623E-01  0.392717741460E-01  0.397678308450E-01  0.402701271691E-01
  0.407787416031E-01  0.412937536192E-01  0.418152436890E-01  0.423432932963E-01
  0.428779849501E-01  0.434194021969E-01  0.439676296343E-01  0.445227529239E-01
  0.450848588050E-01  0.456540351076E-01  0.462303707668E-01  0.468139558361E-01
  0.474048815020E-01  0.480032400977E-01  0.486091251180E-01  0.492226312337E-01
  0.498438543063E-01  0.504728914032E-01  0.511098408128E-01  0.517548020596E-01
  0.524078759203E-01  0.530691644388E-01  0.537387709430E-01  0.544168000601E-01
  0.551033577336E-01  0.557985512395E-01  0.565024892032E-01  0.572152816166E-01
  0.579370398547E-01  0.586678766939E-01  0.594079063288E-01  0.601572443906E-01
  0.609160079649E-01  0.616843156101E-01  0.624622873758E-01  0.632500448216E-01
  0.640477110363E-01  0.648554106568E-01  0.656732698878E-01  0.665014165216E-01
  0.673399799576E-01  0.681890912232E-01  0.690488829937E-01  0.699194896133E-01
  0.708010471161E-01  0.716936932472E-01  0.725975674844E-01  0.735128110599E-01
  0.744395669824E-01  0.753779800593E-01  0.763281969197E-01  0.772903660368E-01
  0.782646377515E-01  0.792511642957E-01  0.802500998163E-01  0.812616003989E-01
  0.822858240926E-01  0.833229309343E-01  0.843730829743E-01  0.854364443007E-01
  0.865131810661E-01  0.876034615127E-01  0.887074559991E-01  0.898253370266E-01
  0.909572792665E-01  0.921034595869E-01  0.932640570810E-01  0.944392530944E-01
  0.956292312540E-01  0.968341774961E-01  0.980542800962E-01  0.992897296976E-01
  0.100540719342      0.101807444499      0.103090103097      0.104388895554    
  0.105704024809      0.107035696354      0.108384118265      0.109749501235    
  0.111132058609      0.112532006413      0.113949563394      0.115384951046    
  0.116838393652      0.118310118316      0.119800354997      0.121309336548    
  0.122837298750      0.124384480350      0.125951123100      0.127537471789    
  0.129143774289      0.130770281586      0.132417247827      0.134084930353    
  0.135773589743      0.137483489853      0.139214897858      0.140968084296    
  0.142743323104      0.144540891667      0.146361070860      0.148204145088    
  0.150070402336      0.151960134210      0.153873635985      0.155811206650    
  0.157773148953      0.159759769453      0.161771378562      0.163808290599    
  0.165870823835      0.167959300545      0.170074047059      0.172215393809    
  0.174383675386      0.176579230587      0.178802402473      0.181053538419    
  0.183332990169      0.185641113893      0.187978270239      0.190344824392    
  0.192741146133      0.195167609890      0.197624594805      0.200112484785    
  0.202631668568      0.205182539783      0.207765497007      0.210380943834    
  0.213029288932      0.215710946111      0.218426334384      0.221175878037    
  0.223960006692      0.226779155374      0.229633764582      0.232524280352    
  0.235451154336      0.238414843862      0.241415812013      0.244454527696    
  0.247531465718      0.250647106855      0.253801937933      0.256996451901    
  0.260231147909      0.263506531383      0.266823114110      0.270181414311    
  0.273581956729      0.277025272705      0.280511900264      0.284042384199    
  0.287617276156      0.291237134717      0.294902525494      0.298614021211    
  0.302372201797      0.306177654475      0.310030973856      0.313932762028    
  0.317883628653      0.321884191062      0.325935074352      0.330036911481    
  0.334190343370      0.338396019000      0.342654595518      0.346966738334    
  0.351333121229      0.355754426460      0.360231344864      0.364764575970    
  0.369354828104      0.374002818501      0.378709273421      0.383474928255    
  0.388300527648      0.393186825609      0.398134585633      0.403144580816    
  0.408217593980      0.413354417795      0.418555854900      0.423822718028    
  0.429155830140      0.434556024544      0.440024145031      0.445561046007    
  0.451167592623      0.456844660915      0.462593137935      0.468413921894    
  0.474307922303      0.480276060110      0.486319267849      0.492438489784    
  0.498634682055      0.504908812831      0.511261862456      0.517694823609    
  0.524208701451      0.530804513791      0.537483291236      0.544246077359    
  0.551093928861      0.558027915730      0.565049121417      0.572158643000    
  0.579357591356      0.586647091334      0.594028281935      0.601502316484    
  0.609070362814      0.616733603449      0.624493235784      0.632350472279    
  0.640306540642      0.648362684026      0.656520161218      0.664780246843    
  0.673144231554      0.681613422241      0.690189142233      0.698872731503    
  0.707665546881      0.716568962260      0.725584368818      0.734713175231    
  0.743956807893      0.753316711140      0.762794347477      0.772391197803    
  0.782108761646      0.791948557395      0.801912122538      0.812001013902    
  0.822216807897      0.832561100762      0.843035508814      0.853641668699    
  0.864381237653      0.875255893754      0.886267336190      0.897417285522    
  0.908707483950      0.920139695593      0.931715706755      0.943437326213    
  0.955306385494      0.967324739161      0.979494265107      0.991816864846    
   1.00429446381       1.01692901165       1.02972248253       1.04267687547    
   1.05579421461       1.06907654957       1.08252595573       1.09614453459    
   1.10993441410       1.12389774893       1.13803672089       1.15235353923    
   1.16685044097       1.18152969129       1.19639358384       1.21144444115    
   1.22668461494       1.24211648651       1.25774246714       1.27356499840    
   1.28958655261       1.30580963316       1.32223677494       1.33887054473    
   1.35571354159       1.37276839727       1.39003777662       1.40752437802    
   1.42523093380       1.44316021062       1.46131500999       1.47969816862    
   1.49831255892       1.51716108942       1.53624670526       1.55557238858    
   1.57514115908       1.59495607441       1.61502023070       1.63533676300    
   1.65590884581       1.67673969358       1.69783256115       1.71919074433    
   1.74081758039       1.76271644856       1.78489077058       1.80734401123    
   1.83007967889       1.85310132603       1.87641254985       1.90001699277    
   1.92391834303       1.94812033527       1.97262675109       1.99744141968    
   2.02256821838       2.04801107329       2.07377395992       2.09986090377    
   2.12627598098       2.15302331896       2.18010709704       2.20753154710    
   2.23530095428       2.26341965760       2.29189205067       2.32072258236    
   2.34991575749       2.37947613757       2.40940834144       2.43971704610    
   2.47040698733       2.50148296049       2.53294982128       2.56481248646    
   2.59707593462       2.62974520700       2.66282540824       2.69632170719    
   2.73023933772       2.76458359951       2.79935985894       2.83457354986    
   2.87023017449       2.90633530424       2.94289458061       2.97991371607    
   3.01739849494       3.05535477428       3.09378848484       3.13270563196    
   3.17211229653       3.21201463593       3.25241888496       3.29333135689    
   3.33475844436       3.37670662044       3.41918243963       3.46219253884    
   3.50574363851       3.54984254357       3.59449614457       3.63971141873    
   3.68549543102       3.73185533530       3.77879837538       3.82633188622    
   3.87446329502       3.92320012241       3.97254998363       4.02252058968    
   4.07311974858       4.12435536655       4.17623544925       4.22876810306    
   4.28196153632       4.33582406059       4.39036409202       4.44559015258    
   4.50151087148       4.55813498643       4.61547134506       4.67352890630    
   4.73231674176       4.79184403717       4.85212009377       4.91315432983    
   4.97495628207       5.03753560717       5.10090208328       5.16506561154    
   5.23003621763       5.29582405334       5.36243939815       5.42989266085    
   5.49819438115       5.56735523132       5.63738601790       5.70829768333    
   5.78010130772       5.85280811051       5.92642945229       6.00097683656    
   6.07646191148       6.15289647177       6.23029246046       6.30866197085    
   6.38801724833       6.46837069232       6.54973485821       6.63212245932    
   6.71554636887       6.80001962203       6.88555541792       6.97216712166    
   7.05986826653       7.14867255599       7.23859386591       7.32964624666    
   7.42184392538       7.51520130813       7.60973298219       7.70545371833    
   7.80237847312       7.90052239124       7.99990080787       8.10052925110    
   8.20242344433       8.30559930873       8.41007296575       8.51586073959    
   8.62297915982       8.73144496391       8.84127509986       8.95248672885    
   9.06509722793       9.17912419271       9.29458544015       9.41149901129    
   9.52988317412       9.64975642640       9.77113749858       9.89404535669    
   10.0184992053       10.1445184907       10.2721229035       10.4013323823    
   10.5321671162       10.6646475485       10.7987943795       10.9346285698    
   11.0721713440       11.2114441933       11.3524688794       11.4952674376    
   11.6398621806       11.7862757016       11.9345308780       12.0846508749    
   12.2366591489       12.3905794516       12.5464358334       12.7042526471    
   12.8640545520       13.0258665174       13.1897138267       13.3556220815    
   13.5236172052       13.6937254475       13.8659733881       14.0403879410    
   14.2169963589       14.3958262372       14.5769055185       14.7602624968    
   14.9459258219       15.1339245042       15.3242879188       15.5170458104    
   15.7122282977       15.9098658786       16.1099894341       16.3126302341    
   16.5178199416       16.7255906179       16.9359747276       17.1490051436    
   17.3647151523       17.5831384590       17.8043091926       18.0282619116    
   18.2550316090       18.4846537181       18.7171641177       18.9525991381    
   19.1909955665       19.4323906529       19.6768221156       19.9243281477    
   20.1749474223       20.4287190994       20.6856828312       20.9458787689    
   21.2093475686       21.4761303978       21.7462689418       22.0198054105    
   22.2967825444       22.5772436217       22.8612324651       23.1487934484    
   23.4399715036       23.7348121279       24.0333613907       24.3356659409    
   24.6417730142       24.9517304405       25.2655866513       25.5833906873    
   25.9051922059       26.2310414893       26.5609894521       26.8950876494    
   27.2333882846       27.5759442181       27.9228089747       28.2740367528    
   28.6296824326       28.9898015843       29.3544504773       29.7236860887    
   30.0975661124       30.4761489678       30.8594938093       31.2476605353    
   31.6407097977       32.0387030112       32.4417023631       32.8497708227    
   33.2629721517       33.6813709136       34.1050324841       34.5340230611    
   34.9684096752       35.4082602004       35.8536433640       36.3046287583    
   36.7612868504       37.2236889942       37.6919074410       38.1660153508    
   38.6460868039       39.1321968126       39.6244213325       40.1228372747    
   40.6275225176       41.1385559194       41.6560173301       42.1799876040    
   42.7105486127       43.2477832572       43.7917754818       44.3426102861    
   44.9003737394       45.4651529932       46.0370362955       46.6161130042    
   47.2024736013       47.7962097067       48.3974140929       49.0061806993    
   49.6226046470       50.2467822535       50.8788110477       51.5187897855    
   52.1668184649       52.8229983416       53.4874319450       54.1602230944    
   54.8414769146       55.5312998529       56.2297996957       56.9370855849    
   57.6532680354       58.3784589522       59.1127716477       59.8563208599    
   60.6092227698       61.3715950199       62.1435567324       62.9252285280    
   63.7167325443       64.5181924555       65.3297334914       66.1514824569    
   66.9835677519       67.8261193914       68.6792690260       69.5431499619    
   70.4178971822       71.3036473681       72.2005389198       73.1087119784    
   74.0283084478       74.9594720169       75.9023481817       76.8570842687    
   77.8238294574       78.8027348035       79.7939532631       80.7976397160    
   81.8139509904       82.8430458869       83.8850852036       84.9402317614    
   86.0086504291       87.0905081492       88.1859739642       89.2952190428    
   90.4184167069       91.5557424585       92.7073740068       93.8734912968    
   95.0542765367       96.2499142264       97.4605911869       98.6864965888    
   99.9278219825       101.184761327       102.457511023       103.746269939    
   105.051239447       106.372623450       107.710628418       109.065463416    
   110.437340141       111.826472951       113.233078901       114.657377775    
   116.099592124       117.559947296       119.038671474    
Down potential follows (l on next line)
 1
  -29.9559075621      -30.0950791837      -29.9300606911      -29.9364160459    
  -29.9850479079      -30.0111689985      -29.9820898165      -30.0004804231    
  -30.0045128569      -30.0039358037      -30.0080170154      -30.0096074043    
  -30.0121349918      -30.0143992260      -30.0167443455      -30.0190448632    
  -30.0212921784      -30.0234583041      -30.0255154273      -30.0274452338    
  -30.0292310691      -30.0308629748      -30.0323354963      -30.0336481578    
  -30.0348047372      -30.0358127299      -30.0366826843      -30.0374275145    
  -30.0380618302      -30.0386012954      -30.0390620431      -30.0394601554    
  -30.0398112180      -30.0401299510      -30.0404299170      -30.0407233032    
  -30.0410207725      -30.0413313760      -30.0416625223      -30.0420199929    
  -30.0424079975      -30.0428292619      -30.0432851393      -30.0437757402    
  -30.0443000738      -30.0448561957      -30.0454413574      -30.0460521528    
  -30.0466846599      -30.0473345741      -30.0479973316      -30.0486682209    
  -30.0493424831      -30.0500153989      -30.0506823632      -30.0513389476    
  -30.0519809514      -30.0526044407      -30.0532057787      -30.0537816460    
  -30.0543290529      -30.0548453448      -30.0553282013      -30.0557756306    
  -30.0561859588      -30.0565578167      -30.0568901237      -30.0571820694    
  -30.0574330946      -30.0576428707      -30.0578112794      -30.0579383925    
  -30.0580244510      -30.0580698465      -30.0580751018      -30.0580408535    
  -30.0579678351      -30.0578568616      -30.0577088147      -30.0575246301    
  -30.0573052850      -30.0570517872      -30.0567651654      -30.0564464603    
  -30.0560967166      -30.0557169767      -30.0553082741      -30.0548716284    
  -30.0544080411      -30.0539184915      -30.0534039338      -30.0528652942    
  -30.0523034691      -30.0517193234      -30.0511136892      -30.0504873649    
  -30.0498411145      -30.0491756677      -30.0484917194      -30.0477899301    
  -30.0470709258      -30.0463352991      -30.0455836093      -30.0448163830    
  -30.0440341154      -30.0432372706      -30.0424262826      -30.0416015563    
  -30.0407634685      -30.0399123688      -30.0390485805      -30.0381724015    
  -30.0372841057      -30.0363839433      -30.0354721423      -30.0345489091    
  -30.0336144297      -30.0326688702      -30.0317123780      -30.0307450823    
  -30.0297670953      -30.0287785125      -30.0277794139      -30.0267698645    
  -30.0257499147      -30.0247196016      -30.0236789490      -30.0226279685    
  -30.0215666595      -30.0204950103      -30.0194129983      -30.0183205906    
  -30.0172177444      -30.0161044074      -30.0149805183      -30.0138460073    
  -30.0127007963      -30.0115447991      -30.0103779222      -30.0092000647    
  -30.0080111187      -30.0068109697      -30.0055994967      -30.0043765725    
  -30.0031420641      -30.0018958326      -30.0006377335      -29.9993676172    
  -29.9980853286      -29.9967907079      -29.9954835902      -29.9941638060    
  -29.9928311812      -29.9914855373      -29.9901266911      -29.9887544557    
  -29.9873686396      -29.9859690475      -29.9845554800      -29.9831277337    
  -29.9816856017      -29.9802288729      -29.9787573327      -29.9772707629    
  -29.9757689416      -29.9742516431      -29.9727186384      -29.9711696949    
  -29.9696045766      -29.9680230437      -29.9664248533      -29.9648097589    
  -29.9631775105      -29.9615278546      -29.9598605346      -29.9581752901    
  -29.9564718574      -29.9547499695      -29.9530093556      -29.9512497419    
  -29.9494708507      -29.9476724010      -29.9458541083      -29.9440156845    
  -29.9421568380      -29.9402772737      -29.9383766926      -29.9364547923    
  -29.9345112668      -29.9325458062      -29.9305580969      -29.9285478218    
  -29.9265146596      -29.9244582854      -29.9223783703      -29.9202745817    
  -29.9181465828      -29.9159940329      -29.9138165872      -29.9116138967    
  -29.9093856086      -29.9071313655      -29.9048508061      -29.9025435644    
  -29.9002092705      -29.8978475498      -29.8954580233      -29.8930403076    
  -29.8905940146      -29.8881187517      -29.8856141215      -29.8830797218    
  -29.8805151459      -29.8779199819      -29.8752938132      -29.8726362181    
  -29.8699467698      -29.8672250365      -29.8644705813      -29.8616829617    
  -29.8588617302      -29.8560064339      -29.8531166143      -29.8501918074    
  -29.8472315436      -29.8442353477      -29.8412027388      -29.8381332299    
  -29.8350263285      -29.8318815359      -29.8286983473      -29.8254762520    
  -29.8222147328      -29.8189132664      -29.8155713233      -29.8121883672    
  -29.8087638555      -29.8052972389      -29.8017879616      -29.7982354607    
  -29.7946391668      -29.7909985032      -29.7873128863      -29.7835817256    
  -29.7798044230      -29.7759803734      -29.7721089642      -29.7681895753    
  -29.7642215790      -29.7602043399      -29.7561372151      -29.7520195535    
  -29.7478506961      -29.7436299762      -29.7393567184      -29.7350302396    
  -29.7306498478      -29.7262148431      -29.7217245167      -29.7171781512    
  -29.7125750206      -29.7079143899      -29.7031955151      -29.6984176434    
  -29.6935800125      -29.6886818511      -29.6837223782      -29.6787008038    
  -29.6736163278      -29.6684681408      -29.6632554232      -29.6579773459    
  -29.6526330693      -29.6472217441      -29.6417425104      -29.6361944981    
  -29.6305768267      -29.6248886049      -29.6191289308      -29.6132968916    
  -29.6073915637      -29.6014120123      -29.5953572915      -29.5892264441    
  -29.5830185016      -29.5767324837      -29.5703673988      -29.5639222434    
  -29.5573960020      -29.5507876473      -29.5440961399      -29.5373204280    
  -29.5304594476      -29.5235121223      -29.5164773630      -29.5093540679    
  -29.5021411226      -29.4948373995      -29.4874417581      -29.4799530448    
  -29.4723700926      -29.4646917213      -29.4569167370      -29.4490439323    
  -29.4410720861      -29.4329999633      -29.4248263152      -29.4165498786    
  -29.4081693766      -29.3996835176      -29.3910909959      -29.3823904912    
  -29.3735806687      -29.3646601789      -29.3556276575      -29.3464817252    
  -29.3372209878      -29.3278440362      -29.3183494459      -29.3087357772    
  -29.2990015751      -29.2891453691      -29.2791656733      -29.2690609861    
  -29.2588297902      -29.2484705526      -29.2379817245      -29.2273617413    
  -29.2166090222      -29.2057219707      -29.1946989738      -29.1835384029    
  -29.1722386127      -29.1607979421      -29.1492147134      -29.1374872329    
  -29.1256137903      -29.1135926591      -29.1014220963      -29.0891003426    
  -29.0766256221      -29.0639961427      -29.0512100957      -29.0382656561    
  -29.0251609823      -29.0118942165      -28.9984634843      -28.9848668952    
  -28.9711025421      -28.9571685018      -28.9430628349      -28.9287835857    
  -28.9143287825      -28.8996964374      -28.8848845467      -28.8698910909    
  -28.8547140344      -28.8393513262      -28.8238008997      -28.8080606728    
  -28.7921285480      -28.7760024128      -28.7596801396      -28.7431595859    
  -28.7264385945      -28.7095149937      -28.6923865975      -28.6750512056    
  -28.6575066039      -28.6397505645      -28.6217808461      -28.6035951940    
  -28.5851913406      -28.5665670056      -28.5477198959      -28.5286477067    
  -28.5093481207      -28.4898188095      -28.4700574332      -28.4500616408    
  -28.4298290709      -28.4093573517      -28.3886441013      -28.3676869286    
  -28.3464834331      -28.3250312054      -28.3033278278      -28.2813708748    
  -28.2591579132      -28.2366865024      -28.2139541957      -28.1909585396    
  -28.1676970752      -28.1441673381      -28.1203668593      -28.0962931652    
  -28.0719437786      -28.0473162189      -28.0224080026      -27.9972166441    
  -27.9717396560      -27.9459745496      -27.9199188355      -27.8935700243    
  -27.8669256269      -27.8399831553      -27.8127401230      -27.7851940454    
  -27.7573424407      -27.7291828305      -27.7007127399      -27.6719296983    
  -27.6428312404      -27.6134149059      -27.5836782408      -27.5536187976    
  -27.5232341358      -27.4925218227      -27.4614794337      -27.4301045528    
  -27.3983947734      -27.3663476985      -27.3339609412      -27.3012321254    
  -27.2681588860      -27.2347388696      -27.2009697345      -27.1668491516    
  -27.1323748046      -27.0975443900      -27.0623556181      -27.0268062126    
  -26.9908939116      -26.9546164672      -26.9179716462      -26.8809572300    
  -26.8435710148      -26.8058108120      -26.7676744481      -26.7291597645    
  -26.6902646180      -26.6509868807      -26.6113244395      -26.5712751965    
  -26.5308370689      -26.4900079884      -26.4487859014      -26.4071687685    
  -26.3651545643      -26.3227412772      -26.2799269090      -26.2367094742    
  -26.1930870000      -26.1490575254      -26.1046191011      -26.0597697887    
  -26.0145076602      -25.9688307973      -25.9227372911      -25.8762252409    
  -25.8292927541      -25.7819379451      -25.7341589350      -25.6859538504    
  -25.6373208234      -25.5882579901      -25.5387634906      -25.4888354681    
  -25.4384720682      -25.3876714384      -25.3364317278      -25.2847510860    
  -25.2326276633      -25.1800596102      -25.1270450769      -25.0735822134    
  -25.0196691693      -24.9653040938      -24.9104851362      -24.8552104457    
  -24.7994781724      -24.7432864677      -24.6866334848      -24.6295173802    
  -24.5719363145      -24.5138884539      -24.4553719715      -24.3963850494    
  -24.3369258803      -24.2769926697      -24.2165836382      -24.1556970240    
  -24.0943310857      -24.0324841044      -23.9701543874      -23.9073402704    
  -23.8440401210      -23.7802523412      -23.7159753704      -23.6512076881    
  -23.5859478165      -23.5201943221      -23.4539458178      -23.3872009640    
  -23.3199584687      -23.2522170874      -23.1839756218      -23.1152329166    
  -23.0459878566      -22.9762393603      -22.9059863733      -22.8352278592    
  -22.7639627882      -22.6921901236      -22.6199088056      -22.5471177328    
  -22.4738157404      -22.4000015757      -22.3256738707      -22.2508311116    
  -22.1754716057      -22.0995934459      -22.0231944728      -21.9462722356    
  -21.8688239519      -21.7908464687      -21.7123362245      -21.6332892154    
  -21.5537009662      -21.4735665109      -21.3928803833      -21.3116366230    
  -21.2298288001      -21.1474500632      -21.0644932159      -20.9809508243    
  -20.8968153677      -20.8120794304      -20.7267359367      -20.6407784485    
  -20.5542015110      -20.4670010517      -20.3791748367      -20.2907229700    
  -20.2016484322      -20.1119576399      -20.0216610110      -19.9307735075    
  -19.8393151310      -19.7473113357      -19.6547933263      -19.5617982049    
  -19.4683689334      -19.3745540847      -19.2804073600      -19.1859868609    
  -19.0913541181      -18.9965728887      -18.9017077497      -18.8068225264    
  -18.7119786065      -18.6172332004      -18.5226376124      -18.4282355946    
  -18.3340618564      -18.2401408012      -18.1464855605      -18.0530973895    
  -17.9599654790      -17.8670672219      -17.7743689538      -17.6818271580    
  -17.5893900938      -17.4969997737      -17.4045941832      -17.3121096118    
  -17.2194829530      -17.1266538337      -17.0335664494      -16.9401710137    
  -16.8464247687      -16.7522925462      -16.6577469036      -16.5627678949    
  -16.4673425528      -16.3714641682      -16.2751314532      -16.1783476640    
  -16.0811197455      -15.9834575454      -15.8853731263      -15.7868801927    
  -15.6879936366      -15.5887291948      -15.4891032079      -15.3891324651    
  -15.2888341170      -15.1882256418      -15.0873248475      -14.9861498966    
  -14.8847193436      -14.7830521734      -14.6811678367      -14.5790862757    
  -14.4768279380      -14.3744137771      -14.2718652387      -14.1692042347    
  -14.0664531045      -13.9636345658      -13.8607716567      -13.7578876709    
  -13.6550060873      -13.5521504960      -13.4493445218      -13.3466117468    
  -13.2439756322      -13.1414594423      -13.0390861679      -12.9368784536    
  -12.8348585265      -12.7330481273      -12.6314684453      -12.5301400559    
  -12.4290828613      -12.3283160350      -12.2278579694      -12.1277262275    
  -12.0279374980      -11.9285075542      -11.8294512176      -11.7307823252    
  -11.6325137016      -11.5346571361      -11.4372233643      -11.3402220564    
  -11.2436618097      -11.1475501493      -11.0518935338      -10.9566973700    
  -10.8619660340      -10.7677029015      -10.6739103870      -10.5805899925    
  -10.4877423665      -10.3953673731      -10.3034641739      -10.2120313197    
  -10.1210668559      -10.0305684393      -9.94053346735      -9.85095921992    
  -9.76184301174      -9.67318235602      -9.58497513679      -9.49721978840    
  -9.40991547937      -9.32306229722      -9.23666143002      -9.15071533967    
  -9.06522792063      -8.98020463765      -8.89565263339      -8.81158079949    
  -8.72799979937      -8.64492203233      -8.56236153305      -8.48033379105    
  -8.39885548179      -8.31794410151      -8.23761749490      -8.15789326924    
  -8.07878808820      -8.00031683989      -7.92249167597      -7.84532091668    
  -7.76880782508      -7.69294924107      -7.61773408469      -7.54314173913    
  -7.46914030928      -7.39568480435      -7.32271529444      -7.25015513008    
  -7.17790939047      -7.10586380200      -7.03388449440      -6.96181910938    
  -6.88949994781      -6.81675000759      -6.74339287696      -6.66926743051    
  -6.59424801607      -6.51827019505      -6.44136099184      -6.36367098974    
  -6.28550361568      -6.20733498219      -6.12981639004      -6.05375192213    
  -5.98004626874      -5.90962327453      -5.84332299774      -5.78179254511    
  -5.72539109063      -5.67412990556      -5.62766267682      -5.58533061120    
  -5.54625372308      -5.50944856584      -5.47394742699      -5.43889635913    
  -5.40361791239      -5.36763530312      -5.33066395030      -5.29258138113    
  -5.25338721604      -5.21316264126      -5.17203527318      -5.13015202534    
  -5.08766021562      -5.04469581163      -5.00137719644      -4.95780283768    
  -4.91405149600      -4.87018393631      -4.82624541051      -4.78226842566    
  -4.73827549152      -4.69428166631      -4.65029680268      -4.60632745015    
  -4.56237840574      -4.51845392648      -4.47455863190      -4.43069813263    
  -4.38687942483      -4.34311109154      -4.29940335008      -4.25576798188    
  -4.21221817688      -4.16876832015      -4.12543374375      -4.08223046202    
  -4.03917490466      -3.99628365809      -3.95357322256      -3.91105979001    
  -3.86875904546      -3.82668599359      -3.78485481073      -3.74327872199    
  -3.70196990271      -3.66093940320      -3.62019709577      -3.57975164307    
  -3.53961048676      -3.49977985617      -3.46026479619      -3.42106921455    
  -3.38219594805      -3.34364684893      -3.30542288871      -3.26752428509    
  -3.22995064760      -3.19270113849      -3.15577466084      -3.11917006119    
  -3.08288634767      -3.04692292632      -3.01127984732      -2.97595805981    
  -2.94095966951      -2.90628819346      -2.87194880488      -2.83794856048    
  -2.80429660195      -2.77100432294      -2.73808549279      -2.70555632886    
  -2.67343550982      -2.64174412382      -2.61050554686      -2.57974524889    
  -2.54949052732      -2.51977017011      -2.49061405314      -2.46205267869    
  -2.43411666442      -2.40683619245      -2.38024043433      -2.35435696082    
  -2.32921114699      -2.30482559872      -2.28121959941      -2.25840859231    
  -2.23640371439      -2.21521138345      -2.19483295086      -2.17526442379    
  -2.15649626258      -2.13851325653      -2.12129448059      -2.10481333439    
  -2.08903766433      -2.07392996848      -2.05944768341      -2.04554355129    
  -2.03216606450      -2.01925998431      -2.00676692841      -1.99462602126    
  -1.98277459911      -1.97114896006      -1.95968514762      -1.94831975468    
  -1.93699073283      -1.92563819116      -1.91420516745      -1.90263835472    
  -1.89088876630      -1.87891232382      -1.86667035429      -1.85412998507    
  -1.84126442832      -1.82805315035      -1.81448192456      -1.80054277068    
  -1.78623378635      -1.77155888006      -1.75652741750      -1.74115379473    
  -1.72545695341      -1.70945985340      -1.69318891835      -1.67667346899    
  -1.65994515764      -1.64303741601      -1.62598492656      -1.60882312576    
  -1.59158774560      -1.57431439783      -1.55703820379      -1.53979347097    
  -1.52261341621      -1.50552993422      -1.48857340937      -1.47177256794    
  -1.45515436753      -1.43874392019      -1.42256444541      -1.40663724952    
  -1.39098172769      -1.37561538532      -1.36055387535      -1.34581104880    
  -1.33139901575      -1.31732821427      -1.30360748548      -1.29024415265    
  -1.27724410285      -1.26461186996      -1.25235071776      -1.24046272228    
  -1.22894885273      -1.21780905032      -1.20704230474      -1.19664672772    
  -1.18661962371      -1.17695755735      -1.16765641784      -1.15871147997    
  -1.15011746212      -1.14186858101      -1.13395860353      -1.12638089561    
  -1.11912846826      -1.11219402102      -1.10556998277      -1.09924855022    
  -1.09322172403      -1.08748134284      -1.08201911516      -1.07682664942    
  -1.07189548211      -1.06721710419      -1.06278298587      -1.05858459977    
  -1.05461344263      -1.05086105550      -1.04731904263      -1.04397908899    
  -1.04083297654      -1.03787259919      -1.03508997673      -1.03247726741    
  -1.03002677957      -1.02773098211      -1.02558251388      -1.02357419215    
  -1.02169902002      -1.01995019285      -1.01832110388      -1.01680534880    
  -1.01539672960      -1.01408925750      -1.01287715510      -1.01175485778    
  -1.01071701438      -1.00975848714      -1.00887435100      -1.00805989266    
  -1.00731060756      -1.00662219757      -1.00599057358      -1.00551314609    
  -1.00558249680      -1.00565270032      -1.00572379715      -1.00579579839    
  -1.00586870175      -1.00594252259      -1.00601727161      -1.00609296071    
  -1.00616960173      -1.00624720670      -1.00632578777      -1.00640535721    
  -1.00648592749      -1.00656751120      -1.00665012109      -1.00673377007    
  -1.00681847123      -1.00690423778      -1.00699108315      -1.00707902089    
  -1.00716806475      -1.00725822865      -1.00734952667      -1.00744197307    
  -1.00753558231      -1.00763036900      -1.00772634797      -1.00782353420    
  -1.00792194289      -1.00802158940      -1.00812248931      -1.00822465839    
  -1.00832811259      -1.00843286809      -1.00853894125      -1.00864634865    
  -1.00875510707      -1.00886523349      -1.00897674514      -1.00908965944    
  -1.00920399401      -1.00931976675      -1.00943699572      -1.00955569925    
  -1.00967589589      -1.00979760442      -1.00992084385      -1.01004563344    
  -1.01017199269      -1.01029994135      -1.01042949940      -1.01056068709    
  -1.01069352492      -1.01082803364      -1.01096423428      -1.01110214810    
  -1.01124179668      -1.01138320181      -1.01152638560      -1.01167137042    
  -1.01181817893      -1.01196683406      -1.01211735904      -1.01226977739    
  -1.01242411293      -1.01258038977      -1.01273863233      -1.01289886534    
  -1.01306111383      -1.01322540315      -1.01339175899      -1.01356020732    
  -1.01373077446      -1.01390348708      -1.01407837216      -1.01425545702    
  -1.01443476934      -1.01461633712      -1.01480018875      -1.01498635294    
  -1.01517485880      -1.01536573576      -1.01555901366      -1.01575472270    
  -1.01595289345      -1.01615355689      -1.01635674436      -1.01656248762    
  -1.01677081880      -1.01698177047      -1.01719537559      -1.01741166752    
  -1.01763068008      -1.01785244747      -1.01807700436      -1.01830438582    
  -1.01853462739      -1.01876776504      -1.01900383520      -1.01924287476    
  -1.01948492106      -1.01973001194      -1.01997818568      -1.02022948106    
  -1.02048393734      -1.02074159429      -1.02100249217      -1.02126667174    
  -1.02153417428      -1.02180504158      -1.02207931598      -1.02235704032    
  -1.02263825801      -1.02292301298      -1.02321134973      -1.02350331330    
  -1.02379894933      -1.02409830400      -1.02440142409      -1.02470835696    
  -1.02501915056      -1.02533385348      -1.02565251486      -1.02597518452    
  -1.02630191286      -1.02663275093      -1.02696775044      -1.02730696372    
  -1.02765044377      -1.02799824428      -1.02835041958      -1.02870702469    
  -1.02906811535      -1.02943374797      -1.02980397968      -1.03017886834    
  -1.03055847251      -1.03094285151      -1.03133206541      -1.03172617501    
  -1.03212524191      -1.03252932844      -1.03293849776      -1.03335281380    
  -1.03377234129      -1.03419714579      -1.03462729367      -1.03506285214    
  -1.03550388927      -1.03595047395      -1.03640267599      -1.03686056602    
  -1.03732421560      -1.03779369718      -1.03826908411      -1.03875045066    
  -1.03923787207      -1.03973142448      -1.04023118502      -1.04073723177    
  -1.04124964380      -1.04176850118      -1.04229388499    
Up potential follows (l on next line)
 1
  -29.9559075621      -30.0950791837      -29.9300606911      -29.9364160459    
  -29.9850479079      -30.0111689985      -29.9820898165      -30.0004804231    
  -30.0045128569      -30.0039358037      -30.0080170154      -30.0096074043    
  -30.0121349918      -30.0143992260      -30.0167443455      -30.0190448632    
  -30.0212921784      -30.0234583041      -30.0255154273      -30.0274452338    
  -30.0292310691      -30.0308629748      -30.0323354963      -30.0336481578    
  -30.0348047372      -30.0358127299      -30.0366826843      -30.0374275145    
  -30.0380618302      -30.0386012954      -30.0390620431      -30.0394601554    
  -30.0398112180      -30.0401299510      -30.0404299170      -30.0407233032    
  -30.0410207725      -30.0413313760      -30.0416625223      -30.0420199929    
  -30.0424079975      -30.0428292619      -30.0432851393      -30.0437757402    
  -30.0443000738      -30.0448561957      -30.0454413574      -30.0460521528    
  -30.0466846599      -30.0473345741      -30.0479973316      -30.0486682209    
  -30.0493424831      -30.0500153989      -30.0506823632      -30.0513389476    
  -30.0519809514      -30.0526044407      -30.0532057787      -30.0537816460    
  -30.0543290529      -30.0548453448      -30.0553282013      -30.0557756306    
  -30.0561859588      -30.0565578167      -30.0568901237      -30.0571820694    
  -30.0574330946      -30.0576428707      -30.0578112794      -30.0579383925    
  -30.0580244510      -30.0580698465      -30.0580751018      -30.0580408535    
  -30.0579678351      -30.0578568616      -30.0577088147      -30.0575246301    
  -30.0573052850      -30.0570517872      -30.0567651654      -30.0564464603    
  -30.0560967166      -30.0557169767      -30.0553082741      -30.0548716284    
  -30.0544080411      -30.0539184915      -30.0534039338      -30.0528652942    
  -30.0523034691      -30.0517193234      -30.0511136892      -30.0504873649    
  -30.0498411145      -30.0491756677      -30.0484917194      -30.0477899301    
  -30.0470709258      -30.0463352991      -30.0455836093      -30.0448163830    
  -30.0440341154      -30.0432372706      -30.0424262826      -30.0416015563    
  -30.0407634685      -30.0399123688      -30.0390485805      -30.0381724015    
  -30.0372841057      -30.0363839433      -30.0354721423      -30.0345489091    
  -30.0336144297      -30.0326688702      -30.0317123780      -30.0307450823    
  -30.0297670953      -30.0287785125      -30.0277794139      -30.0267698645    
  -30.0257499147      -30.0247196016      -30.0236789490      -30.0226279685    
  -30.0215666595      -30.0204950103      -30.0194129983      -30.0183205906    
  -30.0172177444      -30.0161044074      -30.0149805183      -30.0138460073    
  -30.0127007963      -30.0115447991      -30.0103779222      -30.0092000647    
  -30.0080111187      -30.0068109697      -30.0055994967      -30.0043765725    
  -30.0031420641      -30.0018958326      -30.0006377335      -29.9993676172    
  -29.9980853286      -29.9967907079      -29.9954835902      -29.9941638060    
  -29.9928311812      -29.9914855373      -29.9901266911      -29.9887544557    
  -29.9873686396      -29.9859690475      -29.9845554800      -29.9831277337    
  -29.9816856017      -29.9802288729      -29.9787573327      -29.9772707629    
  -29.9757689416      -29.9742516431      -29.9727186384      -29.9711696949    
  -29.9696045766      -29.9680230437      -29.9664248533      -29.9648097589    
  -29.9631775105      -29.9615278546      -29.9598605346      -29.9581752901    
  -29.9564718574      -29.9547499695      -29.9530093556      -29.9512497419    
  -29.9494708507      -29.9476724010      -29.9458541083      -29.9440156845    
  -29.9421568380      -29.9402772737      -29.9383766926      -29.9364547923    
  -29.9345112668      -29.9325458062      -29.9305580969      -29.9285478218    
  -29.9265146596      -29.9244582854      -29.9223783703      -29.9202745817    
  -29.9181465828      -29.9159940329      -29.9138165872      -29.9116138967    
  -29.9093856086      -29.9071313655      -29.9048508061      -29.9025435644    
  -29.9002092705      -29.8978475498      -29.8954580233      -29.8930403076    
  -29.8905940146      -29.8881187517      -29.8856141215      -29.8830797218    
  -29.8805151459      -29.8779199819      -29.8752938132      -29.8726362181    
  -29.8699467698      -29.8672250365      -29.8644705813      -29.8616829617    
  -29.8588617302      -29.8560064339      -29.8531166143      -29.8501918074    
  -29.8472315436      -29.8442353477      -29.8412027388      -29.8381332299    
  -29.8350263285      -29.8318815359      -29.8286983473      -29.8254762520    
  -29.8222147328      -29.8189132664      -29.8155713233      -29.8121883672    
  -29.8087638555      -29.8052972389      -29.8017879616      -29.7982354607    
  -29.7946391668      -29.7909985032      -29.7873128863      -29.7835817256    
  -29.7798044230      -29.7759803734      -29.7721089642      -29.7681895753    
  -29.7642215790      -29.7602043399      -29.7561372151      -29.7520195535    
  -29.7478506961      -29.7436299762      -29.7393567184      -29.7350302396    
  -29.7306498478      -29.7262148431      -29.7217245167      -29.7171781512    
  -29.7125750206      -29.7079143899      -29.7031955151      -29.6984176434    
  -29.6935800125      -29.6886818511      -29.6837223782      -29.6787008038    
  -29.6736163278      -29.6684681408      -29.6632554232      -29.6579773459    
  -29.6526330693      -29.6472217441      -29.6417425104      -29.6361944981    
  -29.6305768267      -29.6248886049      -29.6191289308      -29.6132968916    
  -29.6073915637      -29.6014120123      -29.5953572915      -29.5892264441    
  -29.5830185016      -29.5767324837      -29.5703673988      -29.5639222434    
  -29.5573960020      -29.5507876473      -29.5440961399      -29.5373204280    
  -29.5304594476      -29.5235121223      -29.5164773630      -29.5093540679    
  -29.5021411226      -29.4948373995      -29.4874417581      -29.4799530448    
  -29.4723700926      -29.4646917213      -29.4569167370      -29.4490439323    
  -29.4410720861      -29.4329999633      -29.4248263152      -29.4165498786    
  -29.4081693766      -29.3996835176      -29.3910909959      -29.3823904912    
  -29.3735806687      -29.3646601789      -29.3556276575      -29.3464817252    
  -29.3372209878      -29.3278440362      -29.3183494459      -29.3087357772    
  -29.2990015751      -29.2891453691      -29.2791656733      -29.2690609861    
  -29.2588297902      -29.2484705526      -29.2379817245      -29.2273617413    
  -29.2166090222      -29.2057219707      -29.1946989738      -29.1835384029    
  -29.1722386127      -29.1607979421      -29.1492147134      -29.1374872329    
  -29.1256137903      -29.1135926591      -29.1014220963      -29.0891003426    
  -29.0766256221      -29.0639961427      -29.0512100957      -29.0382656561    
  -29.0251609823      -29.0118942165      -28.9984634843      -28.9848668952    
  -28.9711025421      -28.9571685018      -28.9430628349      -28.9287835857    
  -28.9143287825      -28.8996964374      -28.8848845467      -28.8698910909    
  -28.8547140344      -28.8393513262      -28.8238008997      -28.8080606728    
  -28.7921285480      -28.7760024128      -28.7596801396      -28.7431595859    
  -28.7264385945      -28.7095149937      -28.6923865975      -28.6750512056    
  -28.6575066039      -28.6397505645      -28.6217808461      -28.6035951940    
  -28.5851913406      -28.5665670056      -28.5477198959      -28.5286477067    
  -28.5093481207      -28.4898188095      -28.4700574332      -28.4500616408    
  -28.4298290709      -28.4093573517      -28.3886441013      -28.3676869286    
  -28.3464834331      -28.3250312054      -28.3033278278      -28.2813708748    
  -28.2591579132      -28.2366865024      -28.2139541957      -28.1909585396    
  -28.1676970752      -28.1441673381      -28.1203668593      -28.0962931652    
  -28.0719437786      -28.0473162189      -28.0224080026      -27.9972166441    
  -27.9717396560      -27.9459745496      -27.9199188355      -27.8935700243    
  -27.8669256269      -27.8399831553      -27.8127401230      -27.7851940454    
  -27.7573424407      -27.7291828305      -27.7007127399      -27.6719296983    
  -27.6428312404      -27.6134149059      -27.5836782408      -27.5536187976    
  -27.5232341358      -27.4925218227      -27.4614794337      -27.4301045528    
  -27.3983947734      -27.3663476985      -27.3339609412      -27.3012321254    
  -27.2681588860      -27.2347388696      -27.2009697345      -27.1668491516    
  -27.1323748046      -27.0975443900      -27.0623556181      -27.0268062126    
  -26.9908939116      -26.9546164672      -26.9179716462      -26.8809572300    
  -26.8435710148      -26.8058108120      -26.7676744481      -26.7291597645    
  -26.6902646180      -26.6509868807      -26.6113244395      -26.5712751965    
  -26.5308370689      -26.4900079884      -26.4487859014      -26.4071687685    
  -26.3651545643      -26.3227412772      -26.2799269090      -26.2367094742    
  -26.1930870000      -26.1490575254      -26.1046191011      -26.0597697887    
  -26.0145076602      -25.9688307973      -25.9227372911      -25.8762252409    
  -25.8292927541      -25.7819379451      -25.7341589350      -25.6859538504    
  -25.6373208234      -25.5882579901      -25.5387634906      -25.4888354681    
  -25.4384720682      -25.3876714384      -25.3364317278      -25.2847510860    
  -25.2326276633      -25.1800596102      -25.1270450769      -25.0735822134    
  -25.0196691693      -24.9653040938      -24.9104851362      -24.8552104457    
  -24.7994781724      -24.7432864677      -24.6866334848      -24.6295173802    
  -24.5719363145      -24.5138884539      -24.4553719715      -24.3963850494    
  -24.3369258803      -24.2769926697      -24.2165836382      -24.1556970240    
  -24.0943310857      -24.0324841044      -23.9701543874      -23.9073402704    
  -23.8440401210      -23.7802523412      -23.7159753704      -23.6512076881    
  -23.5859478165      -23.5201943221      -23.4539458178      -23.3872009640    
  -23.3199584687      -23.2522170874      -23.1839756218      -23.1152329166    
  -23.0459878566      -22.9762393603      -22.9059863733      -22.8352278592    
  -22.7639627882      -22.6921901236      -22.6199088056      -22.5471177328    
  -22.4738157404      -22.4000015757      -22.3256738707      -22.2508311116    
  -22.1754716057      -22.0995934459      -22.0231944728      -21.9462722356    
  -21.8688239519      -21.7908464687      -21.7123362245      -21.6332892154    
  -21.5537009662      -21.4735665109      -21.3928803833      -21.3116366230    
  -21.2298288001      -21.1474500632      -21.0644932159      -20.9809508243    
  -20.8968153677      -20.8120794304      -20.7267359367      -20.6407784485    
  -20.5542015110      -20.4670010517      -20.3791748367      -20.2907229700    
  -20.2016484322      -20.1119576399      -20.0216610110      -19.9307735075    
  -19.8393151310      -19.7473113357      -19.6547933263      -19.5617982049    
  -19.4683689334      -19.3745540847      -19.2804073600      -19.1859868609    
  -19.0913541181      -18.9965728887      -18.9017077497      -18.8068225264    
  -18.7119786065      -18.6172332004      -18.5226376124      -18.4282355946    
  -18.3340618564      -18.2401408012      -18.1464855605      -18.0530973895    
  -17.9599654790      -17.8670672219      -17.7743689538      -17.6818271580    
  -17.5893900938      -17.4969997737      -17.4045941832      -17.3121096118    
  -17.2194829530      -17.1266538337      -17.0335664494      -16.9401710137    
  -16.8464247687      -16.7522925462      -16.6577469036      -16.5627678949    
  -16.4673425528      -16.3714641682      -16.2751314532      -16.1783476640    
  -16.0811197455      -15.9834575454      -15.8853731263      -15.7868801927    
  -15.6879936366      -15.5887291948      -15.4891032079      -15.3891324651    
  -15.2888341170      -15.1882256418      -15.0873248475      -14.9861498966    
  -14.8847193436      -14.7830521734      -14.6811678367      -14.5790862757    
  -14.4768279380      -14.3744137771      -14.2718652387      -14.1692042347    
  -14.0664531045      -13.9636345658      -13.8607716567      -13.7578876709    
  -13.6550060873      -13.5521504960      -13.4493445218      -13.3466117468    
  -13.2439756322      -13.1414594423      -13.0390861679      -12.9368784536    
  -12.8348585265      -12.7330481273      -12.6314684453      -12.5301400559    
  -12.4290828613      -12.3283160350      -12.2278579694      -12.1277262275    
  -12.0279374980      -11.9285075542      -11.8294512176      -11.7307823252    
  -11.6325137016      -11.5346571361      -11.4372233643      -11.3402220564    
  -11.2436618097      -11.1475501493      -11.0518935338      -10.9566973700    
  -10.8619660340      -10.7677029015      -10.6739103870      -10.5805899925    
  -10.4877423665      -10.3953673731      -10.3034641739      -10.2120313197    
  -10.1210668559      -10.0305684393      -9.94053346735      -9.85095921992    
  -9.76184301174      -9.67318235602      -9.58497513679      -9.49721978840    
  -9.40991547937      -9.32306229722      -9.23666143002      -9.15071533967    
  -9.06522792063      -8.98020463765      -8.89565263339      -8.81158079949    
  -8.72799979937      -8.64492203233      -8.56236153305      -8.48033379105    
  -8.39885548179      -8.31794410151      -8.23761749490      -8.15789326924    
  -8.07878808820      -8.00031683989      -7.92249167597      -7.84532091668    
  -7.76880782508      -7.69294924107      -7.61773408469      -7.54314173913    
  -7.46914030928      -7.39568480435      -7.32271529444      -7.25015513008    
  -7.17790939047      -7.10586380200      -7.03388449440      -6.96181910938    
  -6.88949994781      -6.81675000759      -6.74339287696      -6.66926743051    
  -6.59424801607      -6.51827019505      -6.44136099184      -6.36367098974    
  -6.28550361568      -6.20733498219      -6.12981639004      -6.05375192213    
  -5.98004626874      -5.90962327453      -5.84332299774      -5.78179254511    
  -5.72539109063      -5.67412990556      -5.62766267682      -5.58533061120    
  -5.54625372308      -5.50944856584      -5.47394742699      -5.43889635913    
  -5.40361791239      -5.36763530312      -5.33066395030      -5.29258138113    
  -5.25338721604      -5.21316264126      -5.17203527318      -5.13015202534    
  -5.08766021562      -5.04469581163      -5.00137719644      -4.95780283768    
  -4.91405149600      -4.87018393631      -4.82624541051      -4.78226842566    
  -4.73827549152      -4.69428166631      -4.65029680268      -4.60632745015    
  -4.56237840574      -4.51845392648      -4.47455863190      -4.43069813263    
  -4.38687942483      -4.34311109154      -4.29940335008      -4.25576798188    
  -4.21221817688      -4.16876832015      -4.12543374375      -4.08223046202    
  -4.03917490466      -3.99628365809      -3.95357322256      -3.91105979001    
  -3.86875904546      -3.82668599359      -3.78485481073      -3.74327872199    
  -3.70196990271      -3.66093940320      -3.62019709577      -3.57975164307    
  -3.53961048676      -3.49977985617      -3.46026479619      -3.42106921455    
  -3.38219594805      -3.34364684893      -3.30542288871      -3.26752428509    
  -3.22995064760      -3.19270113849      -3.15577466084      -3.11917006119    
  -3.08288634767      -3.04692292632      -3.01127984732      -2.97595805981    
  -2.94095966951      -2.90628819346      -2.87194880488      -2.83794856048    
  -2.80429660195      -2.77100432294      -2.73808549279      -2.70555632886    
  -2.67343550982      -2.64174412382      -2.61050554686      -2.57974524889    
  -2.54949052732      -2.51977017011      -2.49061405314      -2.46205267869    
  -2.43411666442      -2.40683619245      -2.38024043433      -2.35435696082    
  -2.32921114699      -2.30482559872      -2.28121959941      -2.25840859231    
  -2.23640371439      -2.21521138345      -2.19483295086      -2.17526442379    
  -2.15649626258      -2.13851325653      -2.12129448059      -2.10481333439    
  -2.08903766433      -2.07392996848      -2.05944768341      -2.04554355129    
  -2.03216606450      -2.01925998431      -2.00676692841      -1.99462602126    
  -1.98277459911      -1.97114896006      -1.95968514762      -1.94831975468    
  -1.93699073283      -1.92563819116      -1.91420516745      -1.90263835472    
  -1.89088876630      -1.87891232382      -1.86667035429      -1.85412998507    
  -1.84126442832      -1.82805315035      -1.81448192456      -1.80054277068    
  -1.78623378635      -1.77155888006      -1.75652741750      -1.74115379473    
  -1.72545695341      -1.70945985340      -1.69318891835      -1.67667346899    
  -1.65994515764      -1.64303741601      -1.62598492656      -1.60882312576    
  -1.59158774560      -1.57431439783      -1.55703820379      -1.53979347097    
  -1.52261341621      -1.50552993422      -1.48857340937      -1.47177256794    
  -1.45515436753      -1.43874392019      -1.42256444541      -1.40663724952    
  -1.39098172769      -1.37561538532      -1.36055387535      -1.34581104880    
  -1.33139901575      -1.31732821427      -1.30360748548      -1.29024415265    
  -1.27724410285      -1.26461186996      -1.25235071776      -1.24046272228    
  -1.22894885273      -1.21780905032      -1.20704230474      -1.19664672772    
  -1.18661962371      -1.17695755735      -1.16765641784      -1.15871147997    
  -1.15011746212      -1.14186858101      -1.13395860353      -1.12638089561    
  -1.11912846826      -1.11219402102      -1.10556998277      -1.09924855022    
  -1.09322172403      -1.08748134284      -1.08201911516      -1.07682664942    
  -1.07189548211      -1.06721710419      -1.06278298587      -1.05858459977    
  -1.05461344263      -1.05086105550      -1.04731904263      -1.04397908899    
  -1.04083297654      -1.03787259919      -1.03508997673      -1.03247726741    
  -1.03002677957      -1.02773098211      -1.02558251388      -1.02357419215    
  -1.02169902002      -1.01995019285      -1.01832110388      -1.01680534880    
  -1.01539672960      -1.01408925750      -1.01287715510      -1.01175485778    
  -1.01071701438      -1.00975848714      -1.00887435100      -1.00805989266    
  -1.00731060756      -1.00662219757      -1.00599057358      -1.00551314609    
  -1.00558249680      -1.00565270032      -1.00572379715      -1.00579579839    
  -1.00586870175      -1.00594252259      -1.00601727161      -1.00609296071    
  -1.00616960173      -1.00624720670      -1.00632578777      -1.00640535721    
  -1.00648592749      -1.00656751120      -1.00665012109      -1.00673377007    
  -1.00681847123      -1.00690423778      -1.00699108315      -1.00707902089    
  -1.00716806475      -1.00725822865      -1.00734952667      -1.00744197307    
  -1.00753558231      -1.00763036900      -1.00772634797      -1.00782353420    
  -1.00792194289      -1.00802158940      -1.00812248931      -1.00822465839    
  -1.00832811259      -1.00843286809      -1.00853894125      -1.00864634865    
  -1.00875510707      -1.00886523349      -1.00897674514      -1.00908965944    
  -1.00920399401      -1.00931976675      -1.00943699572      -1.00955569925    
  -1.00967589589      -1.00979760442      -1.00992084385      -1.01004563344    
  -1.01017199269      -1.01029994135      -1.01042949940      -1.01056068709    
  -1.01069352492      -1.01082803364      -1.01096423428      -1.01110214810    
  -1.01124179668      -1.01138320181      -1.01152638560      -1.01167137042    
  -1.01181817893      -1.01196683406      -1.01211735904      -1.01226977739    
  -1.01242411293      -1.01258038977      -1.01273863233      -1.01289886534    
  -1.01306111383      -1.01322540315      -1.01339175899      -1.01356020732    
  -1.01373077446      -1.01390348708      -1.01407837216      -1.01425545702    
  -1.01443476934      -1.01461633712      -1.01480018875      -1.01498635294    
  -1.01517485880      -1.01536573576      -1.01555901366      -1.01575472270    
  -1.01595289345      -1.01615355689      -1.01635674436      -1.01656248762    
  -1.01677081880      -1.01698177047      -1.01719537559      -1.01741166752    
  -1.01763068008      -1.01785244747      -1.01807700436      -1.01830438582    
  -1.01853462739      -1.01876776504      -1.01900383520      -1.01924287476    
  -1.01948492106      -1.01973001194      -1.01997818568      -1.02022948106    
  -1.02048393734      -1.02074159429      -1.02100249217      -1.02126667174    
  -1.02153417428      -1.02180504158      -1.02207931598      -1.02235704032    
  -1.02263825801      -1.02292301298      -1.02321134973      -1.02350331330    
  -1.02379894933      -1.02409830400      -1.02440142409      -1.02470835696    
  -1.02501915056      -1.02533385348      -1.02565251486      -1.02597518452    
  -1.02630191286      -1.02663275093      -1.02696775044      -1.02730696372    
  -1.02765044377      -1.02799824428      -1.02835041958      -1.02870702469    
  -1.02906811535      -1.02943374797      -1.02980397968      -1.03017886834    
  -1.03055847251      -1.03094285151      -1.03133206541      -1.03172617501    
  -1.03212524191      -1.03252932844      -1.03293849776      -1.03335281380    
  -1.03377234129      -1.03419714579      -1.03462729367      -1.03506285214    
  -1.03550388927      -1.03595047395      -1.03640267599      -1.03686056602    
  -1.03732421560      -1.03779369718      -1.03826908411      -1.03875045066    
  -1.03923787207      -1.03973142448      -1.04023118502      -1.04073723177    
  -1.04124964380      -1.04176850118      -1.04229388499    
